12  7 17  0  180.0     0
12  7 17  0   10.0  99.0  99.000  19.00   99.00   99.00
12  7 17  1  180.0     0
12  7 17  1   10.0  99.0  99.000  19.00   99.00   99.00
12  7 17  2  250.0     0
12  7 17  2   10.0  99.0  99.000  18.00   60.00    1.50
12  7 17  3  190.0     0
12  7 17  3   10.0  99.0  99.000  17.00   99.00   99.00
12  7 17  4  230.0     0
12  7 17  4   10.0  99.0  99.000  17.00   99.00   99.00
12  7 17  5  170.0     0
12  7 17  5   10.0  99.0  99.000  16.00   99.00   99.00
12  7 17  6  270.0     0
12  7 17  6   10.0  99.0  99.000  16.00   99.00   99.00
12  7 17  7  250.0     0
12  7 17  7   10.0  99.0  99.000  16.00   99.00   99.00
12  7 17  8  170.0    51
12  7 17  8   10.0  99.0  99.000  16.00   99.00   99.00
12  7 17  9  180.0   128
12  7 17  9   10.0  99.0  99.000  15.00   50.00    2.00
12  7 17 10  160.0   193
12  7 17 10   10.0  99.0  99.000  15.00   99.00   99.00
12  7 17 11  250.0   234
12  7 17 11   10.0  99.0  99.000  17.00   99.00   99.00
12  7 17 12  240.0   249
12  7 17 12   10.0  99.0  99.000  21.00  220.00    3.50
12  7 17 13  240.0   231
12  7 17 13   10.0  99.0  99.000  24.00   99.00   99.00
12  7 17 14  240.0   186
12  7 17 14   10.0  99.0  99.000  23.00   99.00   99.00
12  7 17 15  150.0   134
12  7 17 15   10.0  99.0  99.000  23.00  220.00    3.50
12  7 17 16  190.0    55
12  7 17 16   10.0  99.0  99.000  23.00   99.00   99.00
12  7 17 17   80.0     0
12  7 17 17   10.0  99.0  99.000  23.00   99.00   99.00
12  7 17 18  130.0     0
12  7 17 18   10.0  99.0  99.000  22.00   99.00   99.00
12  7 17 19  120.0     0
12  7 17 19   10.0  99.0  99.000  22.00  200.00    4.00
12  7 17 20  100.0     0
12  7 17 20   10.0  99.0  99.000  21.00   99.00   99.00
12  7 17 21  130.0     0
12  7 17 21   10.0  99.0  99.000  21.00   99.00   99.00
12  7 17 22  160.0     0
12  7 17 22   10.0  99.0  99.000  21.00   99.00   99.00
12  7 17 23  150.0     0
12  7 17 23   10.0  99.0  99.000  21.00   99.00   99.00
