26  1 20  0  0   70.0   0.0
26  1 20  0  0   10.0 -99.0 -99.000  20.46  228.00    1.12
26  1 20  0  0   40.0  12.6   0.070  22.57  311.60    1.26
26  1 20  0  0   50.0  12.1   0.060  22.69  311.70    1.61
26  1 20  0  0   60.0  11.8   0.050  22.72  307.60    1.49
26  1 20  0  0   70.0  11.5   0.050  22.95  311.80    2.13
26  1 20  0  0   80.0  11.3   0.060  23.19  314.10    1.53
26  1 20  0  0   90.0  11.3   0.070  23.31  322.10    1.14
26  1 20  0  0  100.0  11.3   0.060  23.44  327.70    2.07
26  1 20  0  0  110.0  11.3   0.080  23.45  334.70    1.82
26  1 20  0  0  120.0  11.4   0.090  23.48  347.80    1.37
26  1 20  0  0  130.0  11.6   0.090  23.48  347.70    1.54
26  1 20  0  0  140.0  11.8   0.090  23.44  347.90    1.67
26  1 20  0  0  150.0  12.0   0.090  23.41  349.30    1.50
26  1 20  0  0  160.0  12.3   0.090  23.34  350.60    1.35
26  1 20  0  0  170.0  12.7   0.100  23.29  340.10    1.29
26  1 20  0  0  180.0  13.1   0.090  23.21  329.50    1.29
26  1 20  0  0  190.0  13.5   0.100  23.13  327.90    1.35
26  1 20  0  0  200.0  14.1   0.090  23.06  326.90    1.42
26  1 20  0  0  210.0  14.7   0.090  22.98  326.70    1.77
26  1 20  0  0  220.0  15.3   0.090  22.96  327.00    2.23
26  1 20  0  0  230.0  16.1   0.100  22.78  333.70    2.30
26  1 20  0  0  240.0  16.9   0.120  22.76  352.30    2.38
26  1 20  0  0  250.0  17.8   0.140  22.57  357.00    2.44
26  1 20  0  0  260.0  18.9   0.150  22.55  356.70    2.41
26  1 20  0  0  270.0  20.0   0.140  22.48  349.70    2.26
26  1 20  0  0  280.0  21.2   0.170  22.40  342.70    1.96
26  1 20  0  0  290.0  22.6   0.170  22.31  331.10    1.50
26  1 20  0  0  300.0  24.0   0.200  22.22  309.20    1.15
26  1 20  0  0  310.0  25.6   0.180  22.20  294.50    0.94
26  1 20  0  0  320.0  27.2   0.190  21.96  298.30    0.63
26  1 20  0  0  330.0  29.0   0.190  21.93  314.00    0.52
26  1 20  0  0  340.0  29.6   0.210  21.76  333.20    0.74
26  1 20  0  0  350.0  30.1   0.190  21.74  315.10    1.02
26  1 20  0  0  400.0 -99.0   0.160  21.30  281.80    1.75
26  1 20  0  0  450.0 -99.0   0.220  20.89   13.00   12.00
26  1 20  0  0  500.0 -99.0   0.190  20.79   13.00   12.00
26  1 20  0  0  550.0 -99.0   0.140  20.27   13.00   12.00
26  1 20  0  0  600.0 -99.0   0.210  20.05   13.00   12.00
26  1 20  1  0   80.0   0.0
26  1 20  1  0   10.0 -99.0 -99.000  19.95   44.00    0.40
26  1 20  1  0   40.0  15.7   0.110  21.87   11.10    0.63
26  1 20  1  0   50.0  14.9   0.130  21.90  341.20    0.65
26  1 20  1  0   60.0  14.2   0.140  22.08  333.90    1.04
26  1 20  1  0   70.0  13.7   0.130  22.36  336.30    1.50
26  1 20  1  0   80.0  13.3   0.170  22.65  338.10    1.78
26  1 20  1  0   90.0  13.0   0.200  22.84  354.80    2.09
26  1 20  1  0  100.0  12.8   0.190  22.85  351.20    2.06
26  1 20  1  0  110.0  12.7   0.190  22.92  345.80    2.05
26  1 20  1  0  120.0  12.7   0.170  22.92  345.60    2.27
26  1 20  1  0  130.0  12.8   0.190  22.90  346.50    2.22
26  1 20  1  0  140.0  13.0   0.270  22.87  351.20    1.65
26  1 20  1  0  150.0  13.2   0.250  22.86  350.70    1.50
26  1 20  1  0  160.0  13.5   0.340  22.86  341.90    2.09
26  1 20  1  0  170.0  13.9   0.200  22.83  343.10    2.26
26  1 20  1  0  180.0  14.3   0.180  22.86  357.30    1.90
26  1 20  1  0  190.0  14.9   0.180  22.85    6.00    1.65
26  1 20  1  0  200.0  15.5   0.210  22.91  359.20    1.47
26  1 20  1  0  210.0  16.3   0.230  22.92  357.30    1.22
26  1 20  1  0  220.0  17.1   0.300  22.99  355.60    0.81
26  1 20  1  0  230.0 -99.0 -99.000  23.02    5.10    0.44
26  1 20  1  0  240.0 -99.0 -99.000  23.00   15.60    0.40
26  1 20  1  0  250.0 -99.0 -99.000  22.98    2.30    0.69
26  1 20  1  0  260.0 -99.0 -99.000  22.93   25.20    2.63
26  1 20  1  0  270.0 -99.0 -99.000  22.87   30.90    5.07
26  1 20  1  0  280.0 -99.0 -99.000  22.85  999.00   99.00
26  1 20  1  0  290.0 -99.0 -99.000  99.00  999.00   99.00
26  1 20  1  0  300.0 -99.0 -99.000  99.00  999.00   99.00
26  1 20  1  0  310.0 -99.0 -99.000  99.00  999.00   99.00
26  1 20  1  0  320.0 -99.0 -99.000  99.00  999.00   99.00
26  1 20  1  0  330.0 -99.0 -99.000  99.00  999.00   99.00
26  1 20  1  0  340.0 -99.0 -99.000  99.00  999.00   99.00
26  1 20  1  0  350.0 -99.0 -99.000  99.00  999.00   99.00
26  1 20  1  0  400.0 -99.0 -99.000  99.00  999.00   99.00
26  1 20  1  0  450.0 -99.0 -99.000  99.00  999.00   99.00
26  1 20  1  0  500.0 -99.0 -99.000  99.00  999.00   99.00
26  1 20  1  0  550.0 -99.0 -99.000  99.00  999.00   99.00
26  1 20  1  0  600.0 -99.0 -99.000  99.00  999.00   99.00
26  1 20  2  0   90.0   0.0
26  1 20  2  0   10.0 -99.0 -99.000  19.29  225.00    0.48
26  1 20  2  0   40.0  16.5   0.100  21.10   36.20    0.80
26  1 20  2  0   50.0  14.1   0.090  21.28   37.80    1.62
26  1 20  2  0   60.0  13.5   0.090  21.44   26.20    1.61
26  1 20  2  0   70.0  13.8   0.090  21.62   36.50    2.27
26  1 20  2  0   80.0  14.7   0.090  21.86   12.50    1.63
26  1 20  2  0   90.0  15.9   0.100  22.00  358.80    1.55
26  1 20  2  0  100.0  17.2   0.120  22.13    2.60    1.70
26  1 20  2  0  110.0  18.5   0.130  22.20   16.60    2.28
26  1 20  2  0  120.0  19.5   0.140  22.20   19.80    2.28
26  1 20  2  0  130.0  20.4   0.180  22.23    4.20    1.12
26  1 20  2  0  140.0  21.0   0.200  22.23  326.50    0.75
26  1 20  2  0  150.0  21.3   0.210  22.22  310.10    0.97
26  1 20  2  0  160.0  21.4   0.210  22.20  312.60    1.16
26  1 20  2  0  170.0  21.3   0.220  22.21  329.90    1.37
26  1 20  2  0  180.0  21.1   0.220  22.19  339.30    1.68
26  1 20  2  0  190.0  20.9   0.260  22.20  338.20    2.03
26  1 20  2  0  200.0  20.9   0.210  22.24  334.00    2.39
26  1 20  2  0  210.0  21.3 -99.000  22.18  340.20    2.69
26  1 20  2  0  220.0 -99.0 -99.000  22.13  347.00    3.34
26  1 20  2  0  230.0 -99.0 -99.000  22.09  354.30    4.49
26  1 20  2  0  240.0 -99.0 -99.000  22.02    0.90    5.95
26  1 20  2  0  250.0 -99.0 -99.000  22.00  359.00    6.38
26  1 20  2  0  260.0 -99.0 -99.000  21.97  355.60    6.47
26  1 20  2  0  270.0 -99.0 -99.000  21.97  348.40    6.03
26  1 20  2  0  280.0 -99.0 -99.000  21.65  999.00   99.00
26  1 20  2  0  290.0 -99.0 -99.000  21.59  999.00   99.00
26  1 20  2  0  300.0 -99.0 -99.000  99.00  999.00   99.00
26  1 20  2  0  310.0 -99.0 -99.000  99.00  999.00   99.00
26  1 20  2  0  320.0 -99.0 -99.000  99.00  999.00   99.00
26  1 20  2  0  330.0 -99.0 -99.000  99.00  999.00   99.00
26  1 20  2  0  340.0 -99.0 -99.000  99.00  999.00   99.00
26  1 20  2  0  350.0 -99.0 -99.000  99.00  999.00   99.00
26  1 20  2  0  400.0 -99.0 -99.000  99.00  999.00   99.00
26  1 20  2  0  450.0 -99.0 -99.000  99.00  999.00   99.00
26  1 20  2  0  500.0 -99.0 -99.000  99.00  999.00   99.00
26  1 20  2  0  550.0 -99.0 -99.000  99.00  999.00   99.00
26  1 20  2  0  600.0 -99.0 -99.000  99.00  999.00   99.00
26  1 20  3  0   90.0   0.0
26  1 20  3  0   10.0 -99.0 -99.000  19.28  226.00    1.49
26  1 20  3  0   40.0  12.0   0.080  21.05   56.40    0.95
26  1 20  3  0   50.0  11.1   0.070  21.20   42.30    1.08
26  1 20  3  0   60.0   9.6   0.100  21.36   29.40    1.24
26  1 20  3  0   70.0   8.7   0.130  21.51   32.70    1.21
26  1 20  3  0   80.0   9.2   0.160  21.81   17.90    1.35
26  1 20  3  0   90.0  11.2   0.210  22.10    8.70    1.52
26  1 20  3  0  100.0  13.2   0.250  22.27    2.00    1.55
26  1 20  3  0  110.0  15.0   0.200  22.47  343.90    1.42
26  1 20  3  0  120.0  16.4   0.150  22.48  336.00    1.63
26  1 20  3  0  130.0  17.5   0.160  22.58  333.70    2.01
26  1 20  3  0  140.0  18.0   0.190  22.60  346.70    2.19
26  1 20  3  0  150.0  18.1   0.220  22.60  357.30    2.41
26  1 20  3  0  160.0  17.7   0.260  22.60    3.60    2.11
26  1 20  3  0  170.0  17.0   0.340  22.59   10.80    1.86
26  1 20  3  0  180.0  16.0   0.350  22.58    5.20    1.93
26  1 20  3  0  190.0 -99.0   0.300  22.55    2.60    2.02
26  1 20  3  0  200.0 -99.0   0.260  22.52   10.90    2.26
26  1 20  3  0  210.0 -99.0   0.260  22.51   17.30    2.49
26  1 20  3  0  220.0 -99.0   0.250  22.48   15.10    2.33
26  1 20  3  0  230.0 -99.0   0.220  22.47   11.00    2.11
26  1 20  3  0  240.0 -99.0 -99.000  22.46    2.80    2.10
26  1 20  3  0  250.0 -99.0 -99.000  22.45    1.90    2.23
26  1 20  3  0  260.0 -99.0 -99.000  22.42    8.00    2.52
26  1 20  3  0  270.0 -99.0 -99.000  22.40   13.20    2.64
26  1 20  3  0  280.0 -99.0 -99.000  22.38   10.70    2.27
26  1 20  3  0  290.0 -99.0 -99.000  22.33    9.10    1.83
26  1 20  3  0  300.0 -99.0 -99.000  22.27   27.50    1.79
26  1 20  3  0  310.0 -99.0 -99.000  22.21  999.00   99.00
26  1 20  3  0  320.0 -99.0 -99.000  99.00  999.00   99.00
26  1 20  3  0  330.0 -99.0 -99.000  99.00  999.00   99.00
26  1 20  3  0  340.0 -99.0 -99.000  99.00  999.00   99.00
26  1 20  3  0  350.0 -99.0 -99.000  99.00  999.00   99.00
26  1 20  3  0  400.0 -99.0 -99.000  99.00  999.00   99.00
26  1 20  3  0  450.0 -99.0 -99.000  99.00  999.00   99.00
26  1 20  3  0  500.0 -99.0 -99.000  99.00  999.00   99.00
26  1 20  3  0  550.0 -99.0 -99.000  99.00  999.00   99.00
26  1 20  3  0  600.0 -99.0 -99.000  99.00  999.00   99.00
26  1 20  4  0  110.0   0.0
26  1 20  4  0   10.0 -99.0 -99.000  19.31  240.00    0.76
26  1 20  4  0   40.0   7.6   0.080  20.30   58.50    0.86
26  1 20  4  0   50.0   5.6   0.080  20.50   52.80    1.58
26  1 20  4  0   60.0   5.8   0.090  20.57   44.50    1.74
26  1 20  4  0   70.0   7.5   0.090  20.93   36.90    1.26
26  1 20  4  0   80.0  10.3   0.110  21.37   21.60    0.94
26  1 20  4  0   90.0  13.6   0.120  21.51   10.30    1.25
26  1 20  4  0  100.0  17.3   0.140  21.74    5.00    1.68
26  1 20  4  0  110.0  21.1   0.130  21.87  351.00    1.43
26  1 20  4  0  120.0  24.6   0.140  22.02  331.50    1.13
26  1 20  4  0  130.0  27.4   0.170  22.30   15.40    1.54
26  1 20  4  0  140.0  29.3   0.180  22.47    9.80    1.11
26  1 20  4  0  150.0  30.0   0.210  22.67  295.90    0.73
26  1 20  4  0  160.0  29.4   0.230  22.98  327.30    1.51
26  1 20  4  0  170.0  27.5   0.290  23.01  331.10    1.56
26  1 20  4  0  180.0 -99.0   0.270  23.28  347.00    2.28
26  1 20  4  0  190.0 -99.0   0.290  23.53  341.60    2.43
26  1 20  4  0  200.0 -99.0   0.320  23.67  335.80    2.60
26  1 20  4  0  210.0 -99.0   0.320  23.86  999.00   99.00
26  1 20  4  0  220.0 -99.0 -99.000  23.90  999.00   99.00
26  1 20  4  0  230.0 -99.0 -99.000  99.00  999.00   99.00
26  1 20  4  0  240.0 -99.0 -99.000  99.00  999.00   99.00
26  1 20  4  0  250.0 -99.0   0.140  99.00  999.00   99.00
26  1 20  4  0  260.0 -99.0 -99.000  99.00  999.00   99.00
26  1 20  4  0  270.0 -99.0 -99.000  99.00  999.00   99.00
26  1 20  4  0  280.0 -99.0 -99.000  99.00  999.00   99.00
26  1 20  4  0  290.0 -99.0 -99.000  99.00  999.00   99.00
26  1 20  4  0  300.0 -99.0 -99.000  99.00  999.00   99.00
26  1 20  4  0  310.0 -99.0 -99.000  99.00  999.00   99.00
26  1 20  4  0  320.0 -99.0 -99.000  99.00  999.00   99.00
26  1 20  4  0  330.0 -99.0 -99.000  99.00  999.00   99.00
26  1 20  4  0  340.0 -99.0 -99.000  99.00  999.00   99.00
26  1 20  4  0  350.0 -99.0 -99.000  99.00  999.00   99.00
26  1 20  4  0  400.0 -99.0 -99.000  99.00  999.00   99.00
26  1 20  4  0  450.0 -99.0 -99.000  99.00  999.00   99.00
26  1 20  4  0  500.0 -99.0 -99.000  99.00  999.00   99.00
26  1 20  4  0  550.0 -99.0 -99.000  99.00  999.00   99.00
26  1 20  4  0  600.0 -99.0 -99.000  99.00  999.00   99.00
26  1 20  5  0  120.0   0.0
26  1 20  5  0   10.0 -99.0 -99.000  19.18  228.00    1.71
26  1 20  5  0   40.0   6.7   0.040  20.16   43.40    0.93
26  1 20  5  0   50.0   5.1   0.040  20.20   42.30    1.75
26  1 20  5  0   60.0   5.4   0.040  20.41   37.10    1.83
26  1 20  5  0   70.0   6.4   0.040  20.69   29.50    1.82
26  1 20  5  0   80.0   7.4   0.060  20.96   14.40    1.12
26  1 20  5  0   90.0   8.2   0.080  21.14  353.40    0.86
26  1 20  5  0  100.0   8.7   0.090  21.23   10.00    1.82
26  1 20  5  0  110.0   8.9   0.140  21.30   17.70    3.35
26  1 20  5  0  120.0   8.7   0.190  21.56   12.90    3.99
26  1 20  5  0  130.0   8.2   0.240  21.72   14.50    3.44
26  1 20  5  0  140.0   7.4   0.260  21.88   19.10    2.19
26  1 20  5  0  150.0   6.6   0.220  22.26   21.80    3.08
26  1 20  5  0  160.0   5.9   0.200  22.42   26.60    4.90
26  1 20  5  0  170.0   5.4   0.260  22.62   16.30    3.88
26  1 20  5  0  180.0 -99.0   0.230  22.88   16.00    3.97
26  1 20  5  0  190.0 -99.0   0.320  22.90   16.80    4.82
26  1 20  5  0  200.0 -99.0 -99.000  22.98   14.30    5.09
26  1 20  5  0  210.0 -99.0 -99.000  23.03   11.70    5.51
26  1 20  5  0  220.0 -99.0 -99.000  23.03    6.10    5.78
26  1 20  5  0  230.0 -99.0 -99.000  23.01  357.00    5.27
26  1 20  5  0  240.0 -99.0 -99.000  23.14  346.50    4.29
26  1 20  5  0  250.0 -99.0 -99.000  23.30  999.00   99.00
26  1 20  5  0  260.0 -99.0 -99.000  23.33  999.00   99.00
26  1 20  5  0  270.0 -99.0 -99.000  99.00  999.00   99.00
26  1 20  5  0  280.0 -99.0 -99.000  99.00  999.00   99.00
26  1 20  5  0  290.0 -99.0 -99.000  99.00  999.00   99.00
26  1 20  5  0  300.0 -99.0 -99.000  99.00  999.00   99.00
26  1 20  5  0  310.0 -99.0 -99.000  99.00  999.00   99.00
26  1 20  5  0  320.0 -99.0 -99.000  99.00  999.00   99.00
26  1 20  5  0  330.0 -99.0 -99.000  99.00  999.00   99.00
26  1 20  5  0  340.0 -99.0 -99.000  99.00  999.00   99.00
26  1 20  5  0  350.0 -99.0 -99.000  99.00  999.00   99.00
26  1 20  5  0  400.0 -99.0 -99.000  99.00  999.00   99.00
26  1 20  5  0  450.0 -99.0 -99.000  99.00  999.00   99.00
26  1 20  5  0  500.0 -99.0 -99.000  99.00  999.00   99.00
26  1 20  5  0  550.0 -99.0 -99.000  99.00  999.00   99.00
26  1 20  5  0  600.0 -99.0 -99.000  99.00  999.00   99.00
26  1 20  6  0  120.0   0.0
26  1 20  6  0   10.0 -99.0 -99.000  18.94  225.00    1.39
26  1 20  6  0   40.0   7.1   0.040  20.83   53.50    1.26
26  1 20  6  0   50.0   7.2   0.040  20.84   45.00    1.86
26  1 20  6  0   60.0   7.1   0.040  20.90   44.30    1.70
26  1 20  6  0   70.0   6.8   0.040  20.98   38.60    1.08
26  1 20  6  0   80.0   6.2   0.050  21.01   18.90    0.64
26  1 20  6  0   90.0   5.6   0.080  21.11   16.80    1.08
26  1 20  6  0  100.0   5.0   0.090  21.11   20.30    2.02
26  1 20  6  0  110.0   4.6   0.140  21.25   21.70    3.24
26  1 20  6  0  120.0   4.2   0.130  21.51   18.00    3.13
26  1 20  6  0  130.0   4.0   0.120  21.65   20.20    3.10
26  1 20  6  0  140.0   3.7   0.240  21.82   26.40    3.14
26  1 20  6  0  150.0   3.5   0.180  22.04   20.10    3.71
26  1 20  6  0  160.0   3.4   0.170  22.24   21.10    5.12
26  1 20  6  0  170.0   3.5   0.170  22.53   19.50    5.79
26  1 20  6  0  180.0 -99.0   0.190  22.74   18.80    6.54
26  1 20  6  0  190.0 -99.0   0.260  22.73   13.40    6.05
26  1 20  6  0  200.0 -99.0 -99.000  22.82    5.60    5.65
26  1 20  6  0  210.0 -99.0 -99.000  22.83  999.00   99.00
26  1 20  6  0  220.0 -99.0 -99.000  99.00  999.00   99.00
26  1 20  6  0  230.0 -99.0 -99.000  99.00  999.00   99.00
26  1 20  6  0  240.0 -99.0 -99.000  99.00  999.00   99.00
26  1 20  6  0  250.0 -99.0 -99.000  99.00  999.00   99.00
26  1 20  6  0  260.0 -99.0 -99.000  99.00  999.00   99.00
26  1 20  6  0  270.0 -99.0 -99.000  99.00  999.00   99.00
26  1 20  6  0  280.0 -99.0 -99.000  99.00  999.00   99.00
26  1 20  6  0  290.0 -99.0 -99.000  99.00  999.00   99.00
26  1 20  6  0  300.0 -99.0 -99.000  99.00  999.00   99.00
26  1 20  6  0  310.0 -99.0 -99.000  99.00  999.00   99.00
26  1 20  6  0  320.0 -99.0 -99.000  99.00  999.00   99.00
26  1 20  6  0  330.0 -99.0 -99.000  99.00  999.00   99.00
26  1 20  6  0  340.0 -99.0 -99.000  99.00  999.00   99.00
26  1 20  6  0  350.0 -99.0 -99.000  99.00  999.00   99.00
26  1 20  6  0  400.0 -99.0 -99.000  99.00  999.00   99.00
26  1 20  6  0  450.0 -99.0 -99.000  99.00  999.00   99.00
26  1 20  6  0  500.0 -99.0 -99.000  99.00  999.00   99.00
26  1 20  6  0  550.0 -99.0 -99.000  99.00  999.00   99.00
26  1 20  6  0  600.0 -99.0 -99.000  99.00  999.00   99.00
26  1 20  7  0  120.0   0.0
26  1 20  7  0   10.0 -99.0 -99.000  19.61  230.00    2.38
26  1 20  7  0   40.0   6.9   0.090  21.36   47.00    0.89
26  1 20  7  0   50.0   6.3   0.070  21.44   43.80    1.56
26  1 20  7  0   60.0   5.6   0.070  21.46   43.00    1.83
26  1 20  7  0   70.0   5.0   0.080  21.61   44.70    2.50
26  1 20  7  0   80.0   4.5   0.100  21.70   43.60    2.85
26  1 20  7  0   90.0   4.0   0.120  21.75   41.50    2.84
26  1 20  7  0  100.0   3.7   0.160  21.81   37.00    2.47
26  1 20  7  0  110.0   3.5   0.150  21.81   35.50    3.08
26  1 20  7  0  120.0   3.4   0.120  21.87   35.20    4.05
26  1 20  7  0  130.0   3.4   0.160  21.98   33.10    3.88
26  1 20  7  0  140.0   3.5   0.190  22.00   30.00    3.74
26  1 20  7  0  150.0   3.8   0.230  22.17   22.40    3.88
26  1 20  7  0  160.0   4.1   0.240  22.20   18.70    3.85
26  1 20  7  0  170.0   4.6   0.270  22.46   16.00    3.51
26  1 20  7  0  180.0 -99.0   0.260  22.74   22.20    4.38
26  1 20  7  0  190.0 -99.0   0.210  22.77   19.10    4.45
26  1 20  7  0  200.0 -99.0   0.220  23.03   15.30    4.39
26  1 20  7  0  210.0 -99.0   0.200  23.05   12.40    4.21
26  1 20  7  0  220.0 -99.0   0.190  23.21   12.80    4.32
26  1 20  7  0  230.0 -99.0 -99.000  23.28   12.20    4.51
26  1 20  7  0  240.0 -99.0 -99.000  23.31   12.30    4.50
26  1 20  7  0  250.0 -99.0 -99.000  23.35  999.00   99.00
26  1 20  7  0  260.0 -99.0 -99.000  23.32  999.00   99.00
26  1 20  7  0  270.0 -99.0 -99.000  23.32  999.00   99.00
26  1 20  7  0  280.0 -99.0 -99.000  23.31  999.00   99.00
26  1 20  7  0  290.0 -99.0 -99.000  23.28  999.00   99.00
26  1 20  7  0  300.0 -99.0 -99.000  23.30  999.00   99.00
26  1 20  7  0  310.0 -99.0 -99.000  23.34  999.00   99.00
26  1 20  7  0  320.0 -99.0 -99.000  99.00  999.00   99.00
26  1 20  7  0  330.0 -99.0 -99.000  99.00  999.00   99.00
26  1 20  7  0  340.0 -99.0 -99.000  99.00  999.00   99.00
26  1 20  7  0  350.0 -99.0 -99.000  99.00  999.00   99.00
26  1 20  7  0  400.0 -99.0 -99.000  99.00  999.00   99.00
26  1 20  7  0  450.0 -99.0 -99.000  99.00  999.00   99.00
26  1 20  7  0  500.0 -99.0 -99.000  99.00  999.00   99.00
26  1 20  7  0  550.0 -99.0 -99.000  99.00  999.00   99.00
26  1 20  7  0  600.0 -99.0 -99.000  99.00  999.00   99.00
26  1 20  8  0  210.0 143.9
26  1 20  8  0   10.0 -99.0 -99.000  23.59  231.00    2.13
26  1 20  8  0   40.0  11.7   0.120  23.52   29.00    0.65
26  1 20  8  0   50.0   9.5   0.140  23.58   26.10    1.50
26  1 20  8  0   60.0   8.3   0.150  23.66   24.80    2.07
26  1 20  8  0   70.0   7.6   0.180  23.78   24.00    2.53
26  1 20  8  0   80.0   7.1   0.220  23.89   24.90    3.03
26  1 20  8  0   90.0   6.8   0.250  23.89   22.30    3.18
26  1 20  8  0  100.0   6.5   0.270  23.91   21.30    3.31
26  1 20  8  0  110.0   6.4   0.280  23.90   25.00    3.74
26  1 20  8  0  120.0   6.2   0.280  23.84   25.10    3.92
26  1 20  8  0  130.0   6.1   0.280  23.80   22.90    4.01
26  1 20  8  0  140.0   6.1   0.260  23.74   21.70    4.09
26  1 20  8  0  150.0   6.2   0.250  23.69   21.20    4.17
26  1 20  8  0  160.0   6.3   0.230  23.62   20.00    4.26
26  1 20  8  0  170.0   6.5   0.210  23.56   17.50    4.36
26  1 20  8  0  180.0   6.8   0.200  23.52   15.90    4.43
26  1 20  8  0  190.0 -99.0   0.210  23.46   15.50    4.44
26  1 20  8  0  200.0 -99.0   0.230  23.45   15.50    4.41
26  1 20  8  0  210.0 -99.0   0.240  23.43   16.50    4.29
26  1 20  8  0  220.0 -99.0   0.250  23.42   16.40    4.30
26  1 20  8  0  230.0 -99.0 -99.000  23.42   13.70    4.65
26  1 20  8  0  240.0 -99.0 -99.000  23.40   11.60    4.77
26  1 20  8  0  250.0 -99.0 -99.000  23.39   10.80    4.46
26  1 20  8  0  260.0 -99.0 -99.000  23.40    9.80    4.13
26  1 20  8  0  270.0 -99.0 -99.000  23.39    8.00    3.72
26  1 20  8  0  280.0 -99.0 -99.000  23.39   11.30    3.37
26  1 20  8  0  290.0 -99.0 -99.000  23.39   25.10    3.44
26  1 20  8  0  300.0 -99.0 -99.000  23.35   30.30    3.87
26  1 20  8  0  310.0 -99.0 -99.000  23.33   25.20    4.38
26  1 20  8  0  320.0 -99.0 -99.000  23.29   16.50    4.86
26  1 20  8  0  330.0 -99.0 -99.000  23.25  359.50    3.31
26  1 20  8  0  340.0 -99.0 -99.000  23.18  355.00    3.09
26  1 20  8  0  350.0 -99.0 -99.000  23.11  350.90    2.66
26  1 20  8  0  400.0 -99.0 -99.000  99.00  999.00   99.00
26  1 20  8  0  450.0 -99.0 -99.000  99.00  999.00   99.00
26  1 20  8  0  500.0 -99.0 -99.000  99.00  999.00   99.00
26  1 20  8  0  550.0 -99.0 -99.000  99.00  999.00   99.00
26  1 20  8  0  600.0 -99.0 -99.000  99.00  999.00   99.00
26  1 20  9  0  350.0 319.9
26  1 20  9  0   10.0 -99.0 -99.000  27.71  223.00    2.17
26  1 20  9  0   40.0  20.6   0.130  25.52   18.80    0.59
26  1 20  9  0   50.0  20.6   0.140  25.52   10.90    0.94
26  1 20  9  0   60.0  17.7   0.140  25.57    8.00    1.50
26  1 20  9  0   70.0  16.0   0.160  25.69    9.50    1.94
26  1 20  9  0   80.0  14.9   0.250  25.76   11.40    2.34
26  1 20  9  0   90.0  14.1   0.270  25.86   13.10    2.88
26  1 20  9  0  100.0  13.4   0.350  25.86   11.50    3.07
26  1 20  9  0  110.0  12.8   0.450  25.90    9.50    3.17
26  1 20  9  0  120.0  12.2   0.470  25.90   11.50    3.23
26  1 20  9  0  130.0  11.7   0.450  25.85   13.00    3.29
26  1 20  9  0  140.0  11.2   0.460  25.80   12.20    3.34
26  1 20  9  0  150.0  10.7   0.460  25.74   11.20    3.40
26  1 20  9  0  160.0  10.3   0.460  25.68    9.00    3.49
26  1 20  9  0  170.0   9.8   0.520  25.59    6.90    3.59
26  1 20  9  0  180.0   9.4   0.410  25.51    7.80    3.62
26  1 20  9  0  190.0   9.0   0.480  25.42    8.90    3.65
26  1 20  9  0  200.0   8.8   0.490  25.32    7.50    3.80
26  1 20  9  0  210.0 -99.0   0.490  25.30    5.50    4.00
26  1 20  9  0  220.0 -99.0   0.500  25.13    4.80    4.09
26  1 20  9  0  230.0 -99.0   0.500  25.10    4.50    4.15
26  1 20  9  0  240.0 -99.0   0.490  24.93    3.20    4.20
26  1 20  9  0  250.0 -99.0   0.420  24.91  359.00    4.23
26  1 20  9  0  260.0 -99.0   0.470  24.81  356.30    4.16
26  1 20  9  0  270.0 -99.0   0.300  24.71    2.60    3.88
26  1 20  9  0  280.0 -99.0   0.320  24.63   11.50    3.62
26  1 20  9  0  290.0 -99.0   0.340  24.53    7.40    3.61
26  1 20  9  0  300.0 -99.0   0.380  24.45    1.80    3.68
26  1 20  9  0  310.0 -99.0   0.380  24.35    5.60    3.99
26  1 20  9  0  320.0 -99.0   0.610  24.33   11.00    4.43
26  1 20  9  0  330.0 -99.0   0.640  24.17    8.60    4.34
26  1 20  9  0  340.0 -99.0   0.800  24.15    0.80    3.93
26  1 20  9  0  350.0 -99.0   0.800  24.00  353.00    3.48
26  1 20  9  0  400.0 -99.0 -99.000  23.65  340.50    4.60
26  1 20  9  0  450.0 -99.0 -99.000  23.18  999.00   99.00
26  1 20  9  0  500.0 -99.0 -99.000  99.00  999.00   99.00
26  1 20  9  0  550.0 -99.0 -99.000  99.00  999.00   99.00
26  1 20  9  0  600.0 -99.0 -99.000  99.00  999.00   99.00
26  1 20 10  0   60.0 496.4
26  1 20 10  0   10.0 -99.0 -99.000  32.59  217.00    1.71
26  1 20 10  0   40.0  23.9   0.290  26.20   68.20    0.37
26  1 20 10  0   50.0  26.5   0.320  26.21   34.80    0.68
26  1 20 10  0   60.0  27.2   0.360  26.20   28.70    1.21
26  1 20 10  0   70.0  24.7   0.470  26.24   29.30    1.43
26  1 20 10  0   80.0  22.9   0.580  26.35   28.10    1.43
26  1 20 10  0   90.0  21.6   0.670  26.42   29.10    1.35
26  1 20 10  0  100.0  20.7   0.780  26.46   35.10    1.24
26  1 20 10  0  110.0  20.0   0.840  26.45   41.50    1.34
26  1 20 10  0  120.0  19.7   0.900  26.43   46.60    1.57
26  1 20 10  0  130.0  19.5   0.940  26.39   45.30    1.77
26  1 20 10  0  140.0  19.7   0.970  26.33   43.20    1.96
26  1 20 10  0  150.0  20.7   0.980  26.26   32.80    2.02
26  1 20 10  0  160.0  21.6   0.980  26.18   20.80    2.14
26  1 20 10  0  170.0  22.5   0.980  26.10   14.60    2.15
26  1 20 10  0  180.0  23.3   0.980  26.08    9.70    2.13
26  1 20 10  0  190.0  24.1   0.980  25.89   10.10    2.13
26  1 20 10  0  200.0  24.9   0.980  25.87   15.90    2.15
26  1 20 10  0  210.0  25.7   0.990  25.66   17.90    2.14
26  1 20 10  0  220.0  26.4   1.010  25.64   10.70    1.93
26  1 20 10  0  230.0  27.2   1.020  25.49    3.20    1.79
26  1 20 10  0  240.0  27.9   1.040  25.35  358.00    1.80
26  1 20 10  0  250.0  28.8   1.060  25.31  351.90    1.83
26  1 20 10  0  260.0  29.8   1.060  25.00  349.40    1.85
26  1 20 10  0  270.0 -99.0   1.050  24.96  344.80    1.96
26  1 20 10  0  280.0 -99.0   1.020  24.69  343.10    2.00
26  1 20 10  0  290.0 -99.0   0.800  24.66  347.00    2.40
26  1 20 10  0  300.0 -99.0   0.870  24.53  347.80    2.82
26  1 20 10  0  310.0 -99.0   0.860  24.39  345.30    2.92
26  1 20 10  0  320.0 -99.0   0.760  24.36  341.40    2.96
26  1 20 10  0  330.0 -99.0   0.870  24.15  337.40    2.78
26  1 20 10  0  340.0 -99.0   0.890  24.13  329.60    2.49
26  1 20 10  0  350.0 -99.0   1.010  23.96  322.80    2.34
26  1 20 10  0  400.0 -99.0   1.060  23.55  333.30    3.54
26  1 20 10  0  450.0 -99.0 -99.000  23.14  999.00   99.00
26  1 20 10  0  500.0 -99.0 -99.000  22.57  999.00   99.00
26  1 20 10  0  550.0 -99.0 -99.000  99.00  999.00   99.00
26  1 20 10  0  600.0 -99.0 -99.000  99.00  999.00   99.00
26  1 20 11  0   60.0 647.5
26  1 20 11  0   10.0 -99.0 -99.000  33.97  231.00    2.48
26  1 20 11  0   40.0  12.1   0.170  26.43  192.80    1.39
26  1 20 11  0   50.0  12.9   0.170  26.44  198.30    1.76
26  1 20 11  0   60.0  13.6   0.210  26.46  193.00    2.31
26  1 20 11  0   70.0  14.4   0.350  26.46  195.60    2.28
26  1 20 11  0   80.0  15.2   0.400  26.52  192.80    2.45
26  1 20 11  0   90.0  16.1   0.460  26.54  184.10    3.39
26  1 20 11  0  100.0  16.9   0.500  26.53  178.40    4.56
26  1 20 11  0  110.0  17.7   0.480  26.49  179.50    4.98
26  1 20 11  0  120.0  18.5   0.460  26.41  179.40    5.25
26  1 20 11  0  130.0  19.2   0.460  26.33  181.90    5.33
26  1 20 11  0  140.0  19.9   0.480  26.26  185.20    5.38
26  1 20 11  0  150.0  20.5   0.470  26.19  184.90    5.20
26  1 20 11  0  160.0  20.9   0.660  26.17  182.90    4.89
26  1 20 11  0  170.0  21.3   0.690  26.04  181.60    4.63
26  1 20 11  0  180.0  21.6   0.670  26.01  180.30    4.33
26  1 20 11  0  190.0  21.8   0.680  25.83  180.80    4.15
26  1 20 11  0  200.0  21.9   0.660  25.81  183.60    4.03
26  1 20 11  0  210.0  21.9   0.650  25.69  185.80    3.95
26  1 20 11  0  220.0  21.9   0.660  25.58  187.30    3.91
26  1 20 11  0  230.0  21.8   0.660  25.46  188.50    3.85
26  1 20 11  0  240.0  21.6   0.680  25.33  188.80    3.88
26  1 20 11  0  250.0  21.5   0.690  25.30  189.10    3.92
26  1 20 11  0  260.0  21.3   0.710  25.06  192.70    4.12
26  1 20 11  0  270.0  21.3   0.710  25.04  199.90    4.76
26  1 20 11  0  280.0  21.3   0.710  24.87  198.00    4.42
26  1 20 11  0  290.0  21.5   0.710  24.86  192.70    3.76
26  1 20 11  0  300.0 -99.0   0.700  24.79  185.70    3.20
26  1 20 11  0  310.0 -99.0   0.720  24.73  185.20    3.14
26  1 20 11  0  320.0 -99.0   0.720  24.66  194.30    3.16
26  1 20 11  0  330.0 -99.0   0.740  24.59  212.30    2.82
26  1 20 11  0  340.0 -99.0   0.770  24.52  224.00    2.87
26  1 20 11  0  350.0 -99.0   0.770  24.45  216.80    5.40
26  1 20 11  0  400.0 -99.0 -99.000  24.17  999.00   99.00
26  1 20 11  0  450.0 -99.0 -99.000  99.00  999.00   99.00
26  1 20 11  0  500.0 -99.0 -99.000  99.00  999.00   99.00
26  1 20 11  0  550.0 -99.0 -99.000  99.00  999.00   99.00
26  1 20 11  0  600.0 -99.0 -99.000  99.00  999.00   99.00
26  1 20 12  0  420.0 733.9
26  1 20 12  0   10.0 -99.0 -99.000  29.35   32.00    3.63
26  1 20 12  0   40.0  13.3   0.210  27.22  204.90    0.81
26  1 20 12  0   50.0  11.8   0.230  27.29  199.60    1.61
26  1 20 12  0   60.0  11.4   0.250  27.31  197.60    1.90
26  1 20 12  0   70.0  11.6   0.370  27.47  195.80    2.03
26  1 20 12  0   80.0  11.6   0.430  27.50  197.50    2.51
26  1 20 12  0   90.0  11.5   0.510  27.47  200.20    3.30
26  1 20 12  0  100.0  11.7   0.620  27.42  201.50    3.58
26  1 20 12  0  110.0  12.0   0.660  27.36  202.50    3.75
26  1 20 12  0  120.0  12.3   0.650  27.29  203.00    3.85
26  1 20 12  0  130.0  12.6   0.640  27.20  203.40    3.95
26  1 20 12  0  140.0  12.8   0.590  27.10  206.20    3.85
26  1 20 12  0  150.0  13.0   0.590  27.03  209.50    3.74
26  1 20 12  0  160.0  13.2   0.520  26.94  208.30    3.71
26  1 20 12  0  170.0  13.3   0.520  26.87  205.60    3.71
26  1 20 12  0  180.0  13.3   0.500  26.80  203.20    3.62
26  1 20 12  0  190.0  13.3   0.500  26.79  200.70    3.48
26  1 20 12  0  200.0  13.1   0.520  26.67  200.20    3.40
26  1 20 12  0  210.0  13.2   0.500  26.66  201.40    3.34
26  1 20 12  0  220.0  13.3   0.500  26.50  201.50    3.23
26  1 20 12  0  230.0  13.3   0.510  26.47  199.80    2.94
26  1 20 12  0  240.0  13.3   0.540  26.37  198.90    2.68
26  1 20 12  0  250.0  13.3   0.570  26.27  202.80    2.41
26  1 20 12  0  260.0  13.2   0.610  26.18  207.80    2.10
26  1 20 12  0  270.0 -99.0   0.630  26.09  206.20    1.98
26  1 20 12  0  280.0 -99.0   0.700  26.07  204.00    2.00
26  1 20 12  0  290.0 -99.0   0.700  25.87  203.90    2.51
26  1 20 12  0  300.0 -99.0   0.750  25.85  199.70    2.86
26  1 20 12  0  310.0 -99.0   0.760  25.73  195.50    3.03
26  1 20 12  0  320.0 -99.0   0.750  25.72  192.20    3.27
26  1 20 12  0  330.0 -99.0   0.750  25.65  175.70    4.06
26  1 20 12  0  340.0 -99.0   0.640  25.60  176.50    4.61
26  1 20 12  0  350.0 -99.0   0.540  25.49  177.40    4.96
26  1 20 12  0  400.0 -99.0 -99.000  25.23  162.40    6.20
26  1 20 12  0  450.0 -99.0 -99.000  99.00  999.00   99.00
26  1 20 12  0  500.0 -99.0 -99.000  99.00  999.00   99.00
26  1 20 12  0  550.0 -99.0 -99.000  99.00  999.00   99.00
26  1 20 12  0  600.0 -99.0 -99.000  99.00  999.00   99.00
26  1 20 13  0  400.0 775.9
26  1 20 13  0   10.0 -99.0 -99.000  30.05   35.00    3.02
26  1 20 13  0   40.0  17.9   0.240  26.60  187.20    1.04
26  1 20 13  0   50.0  11.7   0.260  26.65  186.60    1.65
26  1 20 13  0   60.0   8.4   0.330  26.72  187.20    2.01
26  1 20 13  0   70.0   7.0   0.410  26.84  187.90    2.25
26  1 20 13  0   80.0   7.1   0.480  26.97  194.50    2.83
26  1 20 13  0   90.0   7.2   0.660  26.98  189.60    3.41
26  1 20 13  0  100.0   7.2   0.760  27.03  186.20    3.91
26  1 20 13  0  110.0   7.2   0.870  27.03  184.30    4.08
26  1 20 13  0  120.0   7.2   0.910  26.92  186.30    4.25
26  1 20 13  0  130.0   7.3   0.940  26.84  192.50    4.45
26  1 20 13  0  140.0   7.7   0.930  26.58  195.60    4.63
26  1 20 13  0  150.0   8.0   0.940  26.54  194.40    5.00
26  1 20 13  0  160.0   8.3   0.930  26.38  193.40    5.31
26  1 20 13  0  170.0   8.5   0.830  26.22  192.40    5.68
26  1 20 13  0  180.0   8.7   0.740  26.19  191.50    6.13
26  1 20 13  0  190.0   8.8   0.730  25.85  191.70    6.31
26  1 20 13  0  200.0   8.9   0.750  25.81  192.20    6.50
26  1 20 13  0  210.0   8.9   0.760  25.49  192.50    6.60
26  1 20 13  0  220.0   9.0   0.770  25.46  195.30    6.99
26  1 20 13  0  230.0   9.0   0.730  25.43  196.90    7.16
26  1 20 13  0  240.0   9.0   0.630  25.17  198.90    7.36
26  1 20 13  0  250.0   9.0   0.610  25.14  202.60    7.66
26  1 20 13  0  260.0 -99.0   0.640  24.93  203.70    7.60
26  1 20 13  0  270.0 -99.0   0.600  24.91  202.60    7.09
26  1 20 13  0  280.0 -99.0   0.590  24.79  201.00    6.59
26  1 20 13  0  290.0 -99.0   0.560  24.68  197.30    6.43
26  1 20 13  0  300.0 -99.0   0.540  24.57  192.10    6.44
26  1 20 13  0  310.0 -99.0   0.550  24.45  187.70    6.39
26  1 20 13  0  320.0 -99.0   0.540  24.42  182.20    6.09
26  1 20 13  0  330.0 -99.0   0.550  24.18  170.50    5.62
26  1 20 13  0  340.0 -99.0   0.580  24.15  155.30    5.47
26  1 20 13  0  350.0 -99.0 -99.000  23.99  160.70    4.85
26  1 20 13  0  400.0 -99.0 -99.000  24.00  999.00   99.00
26  1 20 13  0  450.0 -99.0 -99.000  99.00  999.00   99.00
26  1 20 13  0  500.0 -99.0 -99.000  99.00  999.00   99.00
26  1 20 13  0  550.0 -99.0 -99.000  99.00  999.00   99.00
26  1 20 13  0  600.0 -99.0 -99.000  99.00  999.00   99.00
26  1 20 14  0   60.0 766.1
26  1 20 14  0   10.0 -99.0 -99.000  30.47   34.00    3.54
26  1 20 14  0   40.0  15.7   0.220  26.85  198.00    1.75
26  1 20 14  0   50.0  10.8   0.230  26.87  191.50    2.45
26  1 20 14  0   60.0   7.9   0.250  26.99  188.10    3.06
26  1 20 14  0   70.0   6.7   0.380  27.25  190.50    3.66
26  1 20 14  0   80.0   7.0   0.530  27.33  191.90    4.23
26  1 20 14  0   90.0   7.1   0.710  27.33  189.00    4.81
26  1 20 14  0  100.0   7.0   0.820  27.31  187.60    5.11
26  1 20 14  0  110.0   6.9   0.890  27.28  186.70    5.23
26  1 20 14  0  120.0   6.7   0.940  27.04  185.90    5.45
26  1 20 14  0  130.0   6.5   1.000  27.01  186.30    5.69
26  1 20 14  0  140.0   6.2   0.860  26.66  187.30    5.95
26  1 20 14  0  150.0   6.0   0.860  26.62  190.00    6.66
26  1 20 14  0  160.0   6.0   0.850  26.58  192.80    7.51
26  1 20 14  0  170.0   6.2   0.840  26.20  192.60    7.55
26  1 20 14  0  180.0   6.7   0.710  26.15  192.30    7.63
26  1 20 14  0  190.0   7.1   0.770  25.75  192.00    7.65
26  1 20 14  0  200.0   7.4   0.760  25.71  190.40    7.61
26  1 20 14  0  210.0   7.7   0.520  25.51  188.90    7.59
26  1 20 14  0  220.0   8.0   0.490  25.31  188.80    7.70
26  1 20 14  0  230.0   8.3   0.410  25.27  188.60    7.86
26  1 20 14  0  240.0   8.7   0.410  25.03  189.00    8.00
26  1 20 14  0  250.0   9.2   0.420  25.00  189.70    8.20
26  1 20 14  0  260.0 -99.0   0.540  24.83  190.50    8.26
26  1 20 14  0  270.0 -99.0   0.570  24.80  193.00    8.09
26  1 20 14  0  280.0 -99.0   0.530  24.74  195.80    8.07
26  1 20 14  0  290.0 -99.0   0.540  24.66  193.20    8.34
26  1 20 14  0  300.0 -99.0   0.530  24.61  193.60    8.22
26  1 20 14  0  310.0 -99.0   0.540  24.56  192.90    8.04
26  1 20 14  0  320.0 -99.0 -99.000  24.58  189.90    8.41
26  1 20 14  0  330.0 -99.0 -99.000  24.58  189.50    9.20
26  1 20 14  0  340.0 -99.0 -99.000  24.64  999.00   99.00
26  1 20 14  0  350.0 -99.0 -99.000  99.00  999.00   99.00
26  1 20 14  0  400.0 -99.0 -99.000  99.00  999.00   99.00
26  1 20 14  0  450.0 -99.0 -99.000  99.00  999.00   99.00
26  1 20 14  0  500.0 -99.0 -99.000  99.00  999.00   99.00
26  1 20 14  0  550.0 -99.0 -99.000  99.00  999.00   99.00
26  1 20 14  0  600.0 -99.0 -99.000  99.00  999.00   99.00
26  1 20 15  0   60.0 696.5
26  1 20 15  0   10.0 -99.0 -99.000  30.44   44.00    4.02
26  1 20 15  0   40.0  17.9   0.200  26.89  192.30    1.48
26  1 20 15  0   50.0   9.8   0.260  26.92  182.80    2.29
26  1 20 15  0   60.0   5.7   0.270  27.03  178.80    2.73
26  1 20 15  0   70.0   5.7   0.380  27.30  183.10    3.26
26  1 20 15  0   80.0   6.2   0.430  27.35  184.30    3.93
26  1 20 15  0   90.0   6.6   0.570  27.33  179.80    4.49
26  1 20 15  0  100.0   6.9   0.720  27.31  178.70    5.18
26  1 20 15  0  110.0   7.1   0.810  27.20  179.20    5.71
26  1 20 15  0  120.0   7.3   0.850  27.10  181.80    5.92
26  1 20 15  0  130.0   7.6   0.780  27.07  185.70    6.01
26  1 20 15  0  140.0   7.6   0.970  26.84  186.70    5.95
26  1 20 15  0  150.0   7.5   0.920  26.82  187.20    5.70
26  1 20 15  0  160.0   7.2   1.060  26.64  187.00    5.46
26  1 20 15  0  170.0   6.8   1.000  26.62  186.60    4.95
26  1 20 15  0  180.0   6.6   1.030  26.57  186.80    4.74
26  1 20 15  0  190.0   6.3   1.070  26.50  193.60    5.74
26  1 20 15  0  200.0   6.1   0.910  26.44  197.80    6.57
26  1 20 15  0  210.0   5.8   0.850  26.40  201.20    6.87
26  1 20 15  0  220.0   5.5   0.830  26.35  203.40    6.95
26  1 20 15  0  230.0   5.2   0.790  26.28  198.60    5.78
26  1 20 15  0  240.0   4.9   0.810  26.27  192.50    5.07
26  1 20 15  0  250.0 -99.0   0.840  26.03  186.50    5.08
26  1 20 15  0  260.0 -99.0   0.930  25.98  186.30    5.48
26  1 20 15  0  270.0 -99.0   0.950  25.75  184.60    5.73
26  1 20 15  0  280.0 -99.0   0.980  25.74  999.00   99.00
26  1 20 15  0  290.0 -99.0   1.010  25.72  999.00   99.00
26  1 20 15  0  300.0 -99.0   1.080  99.00  999.00   99.00
26  1 20 15  0  310.0 -99.0   1.040  99.00  999.00   99.00
26  1 20 15  0  320.0 -99.0 -99.000  99.00  999.00   99.00
26  1 20 15  0  330.0 -99.0 -99.000  99.00  999.00   99.00
26  1 20 15  0  340.0 -99.0 -99.000  99.00  999.00   99.00
26  1 20 15  0  350.0 -99.0 -99.000  99.00  999.00   99.00
26  1 20 15  0  400.0 -99.0 -99.000  99.00  999.00   99.00
26  1 20 15  0  450.0 -99.0 -99.000  99.00  999.00   99.00
26  1 20 15  0  500.0 -99.0 -99.000  99.00  999.00   99.00
26  1 20 15  0  550.0 -99.0 -99.000  99.00  999.00   99.00
26  1 20 15  0  600.0 -99.0 -99.000  99.00  999.00   99.00
26  1 20 16  0  290.0 574.4
26  1 20 16  0   10.0 -99.0 -99.000  30.59   19.00    4.75
26  1 20 16  0   40.0  24.6   0.210  27.27  173.10    1.47
26  1 20 16  0   50.0  11.6   0.240  27.32  174.20    2.10
26  1 20 16  0   60.0   6.6   0.280  27.34  168.60    2.11
26  1 20 16  0   70.0   6.8   0.370  27.47  164.50    2.23
26  1 20 16  0   80.0   6.9   0.490  27.47  163.20    2.94
26  1 20 16  0   90.0   6.9   0.670  27.37  167.90    4.09
26  1 20 16  0  100.0   6.8   0.810  27.27  166.30    4.59
26  1 20 16  0  110.0   6.8   0.910  27.25  162.90    4.95
26  1 20 16  0  120.0   6.7   0.930  26.94  165.60    5.30
26  1 20 16  0  130.0   6.5   0.950  26.90  171.40    5.90
26  1 20 16  0  140.0   7.1   0.940  26.61  173.90    6.24
26  1 20 16  0  150.0   7.6   0.900  26.58  170.20    6.12
26  1 20 16  0  160.0   8.0   0.730  26.44  167.50    5.77
26  1 20 16  0  170.0   8.2   0.670  26.30  170.50    5.53
26  1 20 16  0  180.0   8.3   0.820  26.27  176.80    5.08
26  1 20 16  0  190.0   8.3   0.800  25.94  175.20    5.01
26  1 20 16  0  200.0 -99.0   0.710  25.89  170.60    4.86
26  1 20 16  0  210.0 -99.0   0.680  25.59  167.00    5.40
26  1 20 16  0  220.0 -99.0   0.710  25.57  171.20    5.42
26  1 20 16  0  230.0 -99.0   0.790  25.48  178.30    6.14
26  1 20 16  0  240.0 -99.0   0.590  25.38  183.90    5.50
26  1 20 16  0  250.0 -99.0   0.510  25.36  188.20    5.05
26  1 20 16  0  260.0 -99.0   0.520  25.16  176.00    6.20
26  1 20 16  0  270.0 -99.0 -99.000  25.14  170.30    6.78
26  1 20 16  0  280.0 -99.0 -99.000  24.96  999.00   99.00
26  1 20 16  0  290.0 -99.0 -99.000  24.99  999.00   99.00
26  1 20 16  0  300.0 -99.0 -99.000  24.98  999.00   99.00
26  1 20 16  0  310.0 -99.0 -99.000  25.00  999.00   99.00
26  1 20 16  0  320.0 -99.0 -99.000  25.00  999.00   99.00
26  1 20 16  0  330.0 -99.0 -99.000  25.07  999.00   99.00
26  1 20 16  0  340.0 -99.0 -99.000  99.00  999.00   99.00
26  1 20 16  0  350.0 -99.0 -99.000  99.00  999.00   99.00
26  1 20 16  0  400.0 -99.0 -99.000  99.00  999.00   99.00
26  1 20 16  0  450.0 -99.0 -99.000  99.00  999.00   99.00
26  1 20 16  0  500.0 -99.0 -99.000  99.00  999.00   99.00
26  1 20 16  0  550.0 -99.0 -99.000  99.00  999.00   99.00
26  1 20 16  0  600.0 -99.0 -99.000  99.00  999.00   99.00
26  1 20 17  0   60.0 416.4
26  1 20 17  0   10.0 -99.0 -99.000  30.42   16.00    4.34
26  1 20 17  0   40.0  21.0   0.250  27.32  179.30    1.41
26  1 20 17  0   50.0  17.3   0.270  27.41  182.30    2.25
26  1 20 17  0   60.0  14.7   0.300  27.43  181.90    2.35
26  1 20 17  0   70.0  14.2   0.420  27.58  186.50    3.22
26  1 20 17  0   80.0  14.0   0.500  27.67  182.30    3.50
26  1 20 17  0   90.0  13.9   0.610  27.76  172.20    3.46
26  1 20 17  0  100.0  13.8   0.720  27.79  160.00    3.93
26  1 20 17  0  110.0  13.7   0.750  27.76  160.30    4.42
26  1 20 17  0  120.0  13.6   0.760  27.74  170.10    5.06
26  1 20 17  0  130.0  13.5   0.790  27.63  173.80    5.42
26  1 20 17  0  140.0  13.3   0.820  27.54  175.70    5.64
26  1 20 17  0  150.0  13.1   0.870  27.42  177.20    5.68
26  1 20 17  0  160.0  12.9   0.890  27.30  181.80    5.65
26  1 20 17  0  170.0  12.6   0.900  27.16  186.60    5.65
26  1 20 17  0  180.0  12.4   0.890  27.01  182.30    5.71
26  1 20 17  0  190.0  12.2   0.870  26.98  176.70    5.67
26  1 20 17  0  200.0 -99.0   0.870  26.62  176.20    5.73
26  1 20 17  0  210.0 -99.0   0.880  26.58  177.10    5.87
26  1 20 17  0  220.0 -99.0   0.810  26.29  176.60    5.95
26  1 20 17  0  230.0 -99.0   0.780  26.27  175.30    6.07
26  1 20 17  0  240.0 -99.0   0.710  26.19  179.70    5.96
26  1 20 17  0  250.0 -99.0   0.690  26.09  183.60    5.86
26  1 20 17  0  260.0 -99.0   0.690  26.07  194.30    6.64
26  1 20 17  0  270.0 -99.0   0.620  25.84  203.50    7.73
26  1 20 17  0  280.0 -99.0   0.600  25.81  206.40    7.81
26  1 20 17  0  290.0 -99.0 -99.000  25.61  206.50    6.70
26  1 20 17  0  300.0 -99.0 -99.000  25.59  999.00   99.00
26  1 20 17  0  310.0 -99.0   0.940  99.00  999.00   99.00
26  1 20 17  0  320.0 -99.0 -99.000  99.00  999.00   99.00
26  1 20 17  0  330.0 -99.0 -99.000  99.00  999.00   99.00
26  1 20 17  0  340.0 -99.0 -99.000  99.00  999.00   99.00
26  1 20 17  0  350.0 -99.0 -99.000  99.00  999.00   99.00
26  1 20 17  0  400.0 -99.0 -99.000  99.00  999.00   99.00
26  1 20 17  0  450.0 -99.0 -99.000  99.00  999.00   99.00
26  1 20 17  0  500.0 -99.0 -99.000  99.00  999.00   99.00
26  1 20 17  0  550.0 -99.0 -99.000  99.00  999.00   99.00
26  1 20 17  0  600.0 -99.0 -99.000  99.00  999.00   99.00
26  1 20 18  0   60.0 232.2
26  1 20 18  0   10.0 -99.0 -99.000  30.34   19.00    3.90
26  1 20 18  0   40.0  11.5   0.140  26.33  180.70    1.24
26  1 20 18  0   50.0   9.9   0.140  26.36  183.40    1.92
26  1 20 18  0   60.0   8.8   0.160  26.40  178.70    2.59
26  1 20 18  0   70.0   8.0   0.210  26.43  172.50    2.92
26  1 20 18  0   80.0   7.5   0.280  26.49  168.80    3.09
26  1 20 18  0   90.0   7.2   0.350  26.51  170.50    3.26
26  1 20 18  0  100.0   7.0   0.410  26.53  176.60    3.43
26  1 20 18  0  110.0   6.7   0.520  26.53  181.40    3.89
26  1 20 18  0  120.0   6.3   0.520  26.46  184.60    4.37
26  1 20 18  0  130.0   5.9   0.510  26.42  185.00    4.79
26  1 20 18  0  140.0   5.3   0.520  26.36  183.70    5.00
26  1 20 18  0  150.0   4.8   0.540  26.28  183.90    4.83
26  1 20 18  0  160.0   4.8   0.570  26.22  184.50    4.57
26  1 20 18  0  170.0   5.2   0.550  26.17  185.10    4.96
26  1 20 18  0  180.0   5.7   0.530  26.10  185.20    5.63
26  1 20 18  0  190.0   6.3   0.520  26.02  184.20    5.96
26  1 20 18  0  200.0   7.1   0.540  26.00  181.90    6.19
26  1 20 18  0  210.0   8.1   0.520  25.84  173.60    6.36
26  1 20 18  0  220.0 -99.0   0.510  25.82  161.20    6.66
26  1 20 18  0  230.0 -99.0   0.560  25.66  155.50    7.09
26  1 20 18  0  240.0 -99.0   0.560  25.64  167.10    7.31
26  1 20 18  0  250.0 -99.0   0.620  25.52  177.00    6.74
26  1 20 18  0  260.0 -99.0   0.680  25.39  179.60    6.91
26  1 20 18  0  270.0 -99.0   0.680  25.35  178.90    7.23
26  1 20 18  0  280.0 -99.0   0.620  25.07  999.00   99.00
26  1 20 18  0  290.0 -99.0 -99.000  99.00  999.00   99.00
26  1 20 18  0  300.0 -99.0 -99.000  99.00  999.00   99.00
26  1 20 18  0  310.0 -99.0 -99.000  99.00  999.00   99.00
26  1 20 18  0  320.0 -99.0 -99.000  99.00  999.00   99.00
26  1 20 18  0  330.0 -99.0 -99.000  99.00  999.00   99.00
26  1 20 18  0  340.0 -99.0 -99.000  99.00  999.00   99.00
26  1 20 18  0  350.0 -99.0 -99.000  99.00  999.00   99.00
26  1 20 18  0  400.0 -99.0 -99.000  99.00  999.00   99.00
26  1 20 18  0  450.0 -99.0 -99.000  99.00  999.00   99.00
26  1 20 18  0  500.0 -99.0 -99.000  99.00  999.00   99.00
26  1 20 18  0  550.0 -99.0 -99.000  99.00  999.00   99.00
26  1 20 18  0  600.0 -99.0 -99.000  99.00  999.00   99.00
26  1 20 19  0  290.0  53.3
26  1 20 19  0   10.0 -99.0 -99.000  29.27   24.00    2.71
26  1 20 19  0   40.0   7.1   0.070  25.55  164.50    1.21
26  1 20 19  0   50.0   5.9   0.100  25.54  158.60    1.86
26  1 20 19  0   60.0   6.0   0.090  25.56  165.30    2.38
26  1 20 19  0   70.0   6.6   0.110  25.57  166.10    2.77
26  1 20 19  0   80.0   7.4   0.150  25.59  165.90    3.08
26  1 20 19  0   90.0   8.2   0.180  25.59  175.40    3.15
26  1 20 19  0  100.0   8.9   0.190  25.58  175.30    3.21
26  1 20 19  0  110.0   9.4   0.220  25.53  162.50    3.58
26  1 20 19  0  120.0   9.6   0.230  25.52  159.80    3.77
26  1 20 19  0  130.0   9.7   0.230  25.47  162.50    3.75
26  1 20 19  0  140.0   9.6   0.250  25.42  159.80    4.06
26  1 20 19  0  150.0   9.3   0.250  25.39  157.20    4.19
26  1 20 19  0  160.0   8.9   0.220  25.36  159.20    4.40
26  1 20 19  0  170.0   8.7   0.210  25.33  164.70    4.75
26  1 20 19  0  180.0   8.5   0.230  25.30  164.00    4.64
26  1 20 19  0  190.0   8.7   0.230  25.27  158.10    4.19
26  1 20 19  0  200.0   9.5   0.250  25.24  156.30    4.19
26  1 20 19  0  210.0 -99.0   0.260  25.23  157.20    4.45
26  1 20 19  0  220.0 -99.0   0.230  25.14  157.30    4.44
26  1 20 19  0  230.0 -99.0   0.290  25.13  156.60    4.19
26  1 20 19  0  240.0 -99.0   0.300  24.98  157.90    4.34
26  1 20 19  0  250.0 -99.0   0.310  24.95  160.00    4.64
26  1 20 19  0  260.0 -99.0   0.290  24.91  162.10    5.06
26  1 20 19  0  270.0 -99.0   0.340  24.80  166.90    5.39
26  1 20 19  0  280.0 -99.0 -99.000  24.69  171.50    5.68
26  1 20 19  0  290.0 -99.0 -99.000  24.61  178.10    6.27
26  1 20 19  0  300.0 -99.0 -99.000  24.53  185.10    7.32
26  1 20 19  0  310.0 -99.0 -99.000  24.46  999.00   99.00
26  1 20 19  0  320.0 -99.0 -99.000  24.44  999.00   99.00
26  1 20 19  0  330.0 -99.0 -99.000  99.00  999.00   99.00
26  1 20 19  0  340.0 -99.0 -99.000  99.00  999.00   99.00
26  1 20 19  0  350.0 -99.0 -99.000  99.00  999.00   99.00
26  1 20 19  0  400.0 -99.0 -99.000  99.00  999.00   99.00
26  1 20 19  0  450.0 -99.0 -99.000  99.00  999.00   99.00
26  1 20 19  0  500.0 -99.0 -99.000  99.00  999.00   99.00
26  1 20 19  0  550.0 -99.0 -99.000  99.00  999.00   99.00
26  1 20 19  0  600.0 -99.0 -99.000  99.00  999.00   99.00
26  1 20 20  0  290.0   0.0
26  1 20 20  0   10.0 -99.0 -99.000  26.45  358.00    2.48
26  1 20 20  0   40.0  10.8   0.110  24.97  161.80    0.76
26  1 20 20  0   50.0   9.1   0.120  25.03  178.80    1.34
26  1 20 20  0   60.0   6.6   0.120  25.09  178.50    1.69
26  1 20 20  0   70.0   5.9   0.130  25.14  177.00    2.13
26  1 20 20  0   80.0   5.9   0.180  25.24  171.20    2.10
26  1 20 20  0   90.0   6.3   0.160  25.24  167.10    2.56
26  1 20 20  0  100.0   6.9   0.220  25.24  164.70    3.10
26  1 20 20  0  110.0   7.4   0.200  25.23  161.60    2.85
26  1 20 20  0  120.0   7.8   0.190  25.19  159.00    2.72
26  1 20 20  0  130.0   8.1   0.190  25.17  158.80    3.04
26  1 20 20  0  140.0   8.2   0.160  25.16  157.90    3.30
26  1 20 20  0  150.0   8.2   0.170  25.14  155.10    3.43
26  1 20 20  0  160.0   8.0   0.130  25.16  153.50    3.47
26  1 20 20  0  170.0   7.7   0.180  25.22  153.60    3.32
26  1 20 20  0  180.0   7.4   0.190  25.22  150.80    3.14
26  1 20 20  0  190.0   7.1   0.200  25.30  142.40    2.91
26  1 20 20  0  200.0   6.8   0.200  25.31  137.60    2.90
26  1 20 20  0  210.0 -99.0   0.210  25.37  134.80    3.00
26  1 20 20  0  220.0 -99.0   0.230  25.41  134.10    3.37
26  1 20 20  0  230.0 -99.0   0.240  25.39  133.60    3.81
26  1 20 20  0  240.0 -99.0   0.250  25.37  131.80    3.79
26  1 20 20  0  250.0 -99.0   0.260  25.32  128.10    3.71
26  1 20 20  0  260.0 -99.0   0.270  25.26  131.00    3.67
26  1 20 20  0  270.0 -99.0   0.300  25.24  133.00    3.68
26  1 20 20  0  280.0 -99.0   0.300  25.05  131.90    3.77
26  1 20 20  0  290.0 -99.0   0.330  25.02  137.30    3.97
26  1 20 20  0  300.0 -99.0   0.320  24.77  144.70    4.33
26  1 20 20  0  310.0 -99.0   0.400  24.75  149.00    4.93
26  1 20 20  0  320.0 -99.0 -99.000  24.64  153.50    5.05
26  1 20 20  0  330.0 -99.0 -99.000  24.52  154.20    4.75
26  1 20 20  0  340.0 -99.0 -99.000  24.50  150.90    4.40
26  1 20 20  0  350.0 -99.0 -99.000  24.14  145.30    4.28
26  1 20 20  0  400.0 -99.0 -99.000  99.00  999.00   99.00
26  1 20 20  0  450.0 -99.0 -99.000  99.00  999.00   99.00
26  1 20 20  0  500.0 -99.0 -99.000  99.00  999.00   99.00
26  1 20 20  0  550.0 -99.0 -99.000  99.00  999.00   99.00
26  1 20 20  0  600.0 -99.0 -99.000  99.00  999.00   99.00
26  1 20 21  0  110.0   0.0
26  1 20 21  0   10.0 -99.0 -99.000  25.28   29.00    2.10
26  1 20 21  0   40.0   9.6   0.070  24.46  178.80    0.53
26  1 20 21  0   50.0   7.2   0.070  24.55  197.20    1.21
26  1 20 21  0   60.0   5.1   0.080  24.57  196.00    1.49
26  1 20 21  0   70.0   4.6   0.110  24.74  200.00    1.86
26  1 20 21  0   80.0   4.7   0.130  24.87  192.50    1.97
26  1 20 21  0   90.0   5.1   0.140  24.93  188.80    2.13
26  1 20 21  0  100.0   5.7   0.190  25.00  190.10    2.35
26  1 20 21  0  110.0   6.4   0.190  24.99  186.90    2.37
26  1 20 21  0  120.0   7.1   0.200  25.03  182.20    2.36
26  1 20 21  0  130.0   7.9   0.200  25.04  182.10    2.18
26  1 20 21  0  140.0   8.7   0.200  25.07  181.70    2.05
26  1 20 21  0  150.0   9.6   0.260  25.13  179.90    2.13
26  1 20 21  0  160.0  10.5   0.270  25.14  178.10    2.18
26  1 20 21  0  170.0  11.5   0.290  25.24  176.00    2.16
26  1 20 21  0  180.0  12.6   0.300  25.25  174.30    2.04
26  1 20 21  0  190.0  13.9   0.240  25.37  172.10    1.79
26  1 20 21  0  200.0  15.4   0.240  25.43  177.70    1.63
26  1 20 21  0  210.0 -99.0   0.260  25.46  186.80    1.51
26  1 20 21  0  220.0 -99.0   0.250  25.50  187.40    1.64
26  1 20 21  0  230.0 -99.0   0.340  25.50  187.70    1.79
26  1 20 21  0  240.0 -99.0   0.290  25.51  195.90    1.96
26  1 20 21  0  250.0 -99.0   0.270  25.47  202.10    2.14
26  1 20 21  0  260.0 -99.0   0.270  25.44  199.40    2.46
26  1 20 21  0  270.0 -99.0   0.260  25.36  197.30    2.77
26  1 20 21  0  280.0 -99.0   0.330  25.28  197.00    2.96
26  1 20 21  0  290.0 -99.0   0.260  25.25  196.80    3.16
26  1 20 21  0  300.0 -99.0   0.290  25.07  193.00    3.18
26  1 20 21  0  310.0 -99.0   0.360  25.04  186.20    3.16
26  1 20 21  0  320.0 -99.0   0.390  24.86  187.80    3.23
26  1 20 21  0  330.0 -99.0   0.370  24.83  202.60    3.66
26  1 20 21  0  340.0 -99.0   0.370  24.70  205.30    4.00
26  1 20 21  0  350.0 -99.0 -99.000  24.57  203.10    4.29
26  1 20 21  0  400.0 -99.0 -99.000  24.15  203.50    4.15
26  1 20 21  0  450.0 -99.0 -99.000  23.84  151.50    1.82
26  1 20 21  0  500.0 -99.0 -99.000  23.23  999.00   99.00
26  1 20 21  0  550.0 -99.0 -99.000  99.00  999.00   99.00
26  1 20 21  0  600.0 -99.0 -99.000  99.00  999.00   99.00
26  1 20 22  0  400.0   0.0
26  1 20 22  0   10.0 -99.0 -99.000  24.73   33.00    1.90
26  1 20 22  0   40.0  14.0   0.080  24.75  185.40    0.36
26  1 20 22  0   50.0  13.4   0.080  24.85  195.40    0.89
26  1 20 22  0   60.0  13.0   0.080  24.96  195.60    0.97
26  1 20 22  0   70.0  12.7   0.090  25.06  189.40    1.49
26  1 20 22  0   80.0  12.5   0.110  25.18  187.90    1.60
26  1 20 22  0   90.0  12.4   0.140  25.24  189.30    1.83
26  1 20 22  0  100.0  12.3   0.160  25.25  190.30    2.04
26  1 20 22  0  110.0  12.4   0.190  25.24  184.30    1.80
26  1 20 22  0  120.0  12.5   0.180  25.17  179.10    1.62
26  1 20 22  0  130.0  12.7   0.180  25.12  182.40    1.55
26  1 20 22  0  140.0  12.9   0.190  25.04  186.40    1.50
26  1 20 22  0  150.0  13.2   0.190  24.95  195.00    1.52
26  1 20 22  0  160.0  13.6   0.150  24.86  203.10    1.57
26  1 20 22  0  170.0  13.9   0.190  24.77  206.50    1.54
26  1 20 22  0  180.0  14.3   0.180  24.67  209.90    1.52
26  1 20 22  0  190.0  14.6   0.170  24.57  212.40    1.54
26  1 20 22  0  200.0  14.9   0.180  24.55  214.90    1.56
26  1 20 22  0  210.0  15.1   0.180  24.40  216.50    1.65
26  1 20 22  0  220.0 -99.0   0.180  24.39  218.00    1.79
26  1 20 22  0  230.0 -99.0   0.200  24.31  220.30    1.91
26  1 20 22  0  240.0 -99.0   0.180  24.31  223.70    2.06
26  1 20 22  0  250.0 -99.0   0.170  24.31  224.90    2.17
26  1 20 22  0  260.0 -99.0   0.180  24.35  224.20    2.24
26  1 20 22  0  270.0 -99.0   0.180  24.36  224.60    2.32
26  1 20 22  0  280.0 -99.0   0.230  24.43  225.80    2.42
26  1 20 22  0  290.0 -99.0   0.250  24.48  228.60    2.30
26  1 20 22  0  300.0 -99.0   0.250  24.50  232.50    2.11
26  1 20 22  0  310.0 -99.0   0.250  24.53  220.60    1.89
26  1 20 22  0  320.0 -99.0   0.230  24.53  203.10    1.77
26  1 20 22  0  330.0 -99.0   0.210  24.53  200.50    1.56
26  1 20 22  0  340.0 -99.0   0.210  24.48  199.40    1.32
26  1 20 22  0  350.0 -99.0   0.190  24.44  189.20    1.37
26  1 20 22  0  400.0 -99.0   0.140  24.05  167.10    2.59
26  1 20 22  0  450.0 -99.0 -99.000  23.67  258.30    1.48
26  1 20 22  0  500.0 -99.0 -99.000  23.27  153.90    2.61
26  1 20 22  0  550.0 -99.0 -99.000  22.41  135.70    4.30
26  1 20 22  0  600.0 -99.0 -99.000  99.00  999.00   99.00
26  1 20 23  0  520.0   0.0
26  1 20 23  0   10.0 -99.0 -99.000  22.85   50.00    0.96
26  1 20 23  0   40.0  14.3   0.100  24.45  254.10    0.80
26  1 20 23  0   50.0  15.1   0.080  24.53  251.00    1.24
26  1 20 23  0   60.0  15.5   0.090  24.54  254.50    1.62
26  1 20 23  0   70.0  15.8   0.110  24.69  244.20    1.80
26  1 20 23  0   80.0  15.9   0.110  24.85  252.70    1.97
26  1 20 23  0   90.0  16.0   0.150  24.94  256.60    2.02
26  1 20 23  0  100.0  16.0   0.170  25.06  253.10    1.92
26  1 20 23  0  110.0  16.0   0.160  25.06  255.10    2.06
26  1 20 23  0  120.0  16.0   0.180  25.12  256.70    2.24
26  1 20 23  0  130.0  16.0   0.180  25.14  250.20    2.26
26  1 20 23  0  140.0  16.1   0.190  25.13  245.30    2.27
26  1 20 23  0  150.0  16.3   0.180  25.13  243.80    2.20
26  1 20 23  0  160.0  16.6   0.220  25.09  243.30    2.10
26  1 20 23  0  170.0  17.0   0.230  25.06  245.00    1.90
26  1 20 23  0  180.0  17.6   0.230  25.00  246.40    1.76
26  1 20 23  0  190.0  18.5   0.230  24.95  245.60    1.73
26  1 20 23  0  200.0  19.6   0.220  24.89  244.80    1.70
26  1 20 23  0  210.0  21.2   0.210  24.84  243.60    1.67
26  1 20 23  0  220.0  23.2   0.210  24.77  242.50    1.63
26  1 20 23  0  230.0  23.3   0.160  24.70  242.00    1.31
26  1 20 23  0  240.0  23.6   0.210  24.63  241.30    0.97
26  1 20 23  0  250.0  24.0   0.220  24.55  250.00    0.65
26  1 20 23  0  260.0  24.6   0.220  24.50  276.30    0.37
26  1 20 23  0  270.0  25.2   0.220  24.44  302.20    0.23
26  1 20 23  0  280.0  25.9   0.220  24.40  359.20    0.18
26  1 20 23  0  290.0  26.7   0.210  24.36   40.60    0.27
26  1 20 23  0  300.0  27.6   0.200  24.35   56.40    0.42
26  1 20 23  0  310.0  28.5   0.200  24.26   51.40    0.46
26  1 20 23  0  320.0  29.6   0.190  24.24   38.40    0.44
26  1 20 23  0  330.0 -99.0   0.180  24.16   33.60    0.65
26  1 20 23  0  340.0 -99.0   0.130  24.14   34.90    1.22
26  1 20 23  0  350.0 -99.0   0.130  24.09   34.20    1.45
26  1 20 23  0  400.0 -99.0   0.180  23.74   33.50    2.15
26  1 20 23  0  450.0 -99.0   0.220  23.37   39.80    4.59
26  1 20 23  0  500.0 -99.0   0.140  22.98   45.30    2.44
26  1 20 23  0  550.0 -99.0 -99.000  22.59   22.70    1.51
26  1 20 23  0  600.0 -99.0 -99.000  22.41   77.30    2.61
