10  3 21  0 9999.09999.0
10  3 21  0   10.0  99.0  99.000  99.00   99.00   99.00
10  3 21  0   40.0  99.0  99.000  99.00   99.00   99.00
10  3 21  0   50.0  99.0  99.000  99.00   99.00   99.00
10  3 21  0   60.0  99.0  99.000  99.00   99.00   99.00
10  3 21  0   70.0  99.0  99.000  99.00   99.00   99.00
10  3 21  0   80.0  99.0  99.000  99.00   99.00   99.00
10  3 21  0   90.0  99.0  99.000  99.00   99.00   99.00
10  3 21  0  100.0  99.0  99.000  99.00   99.00   99.00
10  3 21  0  110.0  99.0  99.000  99.00   99.00   99.00
10  3 21  0  120.0  99.0  99.000  99.00   99.00   99.00
10  3 21  0  130.0  99.0  99.000  99.00   99.00   99.00
10  3 21  0  140.0  99.0  99.000  99.00   99.00   99.00
10  3 21  0  150.0  99.0  99.000  99.00   99.00   99.00
10  3 21  0  160.0  99.0  99.000  99.00   99.00   99.00
10  3 21  0  170.0  99.0  99.000  99.00   99.00   99.00
10  3 21  0  180.0  99.0  99.000  99.00   99.00   99.00
10  3 21  0  190.0  99.0  99.000  99.00   99.00   99.00
10  3 21  0  200.0  99.0  99.000  99.00   99.00   99.00
10  3 21  0  210.0  99.0  99.000  99.00   99.00   99.00
10  3 21  0  220.0  99.0  99.000  99.00   99.00   99.00
10  3 21  0  230.0  99.0  99.000  99.00   99.00   99.00
10  3 21  0  240.0  99.0  99.000  99.00   99.00   99.00
10  3 21  0  250.0  99.0  99.000  99.00   99.00   99.00
10  3 21  0  260.0  99.0  99.000  99.00   99.00   99.00
10  3 21  0  270.0  99.0  99.000  99.00   99.00   99.00
10  3 21  0  280.0  99.0  99.000  99.00   99.00   99.00
10  3 21  0  290.0  99.0  99.000  99.00   99.00   99.00
10  3 21  0  300.0  99.0  99.000  99.00   99.00   99.00
10  3 21  0  310.0  99.0  99.000  99.00   99.00   99.00
10  3 21  0  320.0  99.0  99.000  99.00   99.00   99.00
10  3 21  0  330.0  99.0  99.000  99.00   99.00   99.00
10  3 21  0  340.0  99.0  99.000  99.00   99.00   99.00
10  3 21  0  350.0  99.0  99.000  99.00   99.00   99.00
10  3 21  0  400.0  99.0  99.000  99.00   99.00   99.00
10  3 21  0  450.0  99.0  99.000  99.00   99.00   99.00
10  3 21  0  500.0  99.0  99.000  99.00   99.00   99.00
10  3 21  0  550.0  99.0  99.000  99.00   99.00   99.00
10  3 21  0  600.0  99.0  99.000  99.00   99.00   99.00
10  3 21  1 9999.09999.0
10  3 21  1   10.0  99.0  99.000  99.00   99.00   99.00
10  3 21  1   40.0  38.1   0.120  99.00   77.40    3.24
10  3 21  1   50.0  13.7   0.110  99.00   73.10    4.55
10  3 21  1   60.0   8.9   0.100  99.00   69.30    4.62
10  3 21  1   70.0   7.1   0.100  99.00   67.70    5.14
10  3 21  1   80.0   6.3   0.100  99.00   65.90    5.57
10  3 21  1   90.0   5.9   0.110  99.00   64.20    5.81
10  3 21  1  100.0   5.8   0.120  99.00   62.90    6.18
10  3 21  1  110.0   5.8   0.120  99.00   59.30    5.91
10  3 21  1  120.0   5.9   0.140  99.00   57.50    6.08
10  3 21  1  130.0   6.1   0.150  99.00   54.70    5.68
10  3 21  1  140.0  99.0   0.160  99.00   55.60    6.27
10  3 21  1  150.0  99.0   0.170  99.00   52.20    6.39
10  3 21  1  160.0  99.0   0.170  99.00   50.70    6.77
10  3 21  1  170.0  99.0   0.160  99.00   48.30    6.72
10  3 21  1  180.0  99.0   0.210  99.00   46.20    6.46
10  3 21  1  190.0  99.0   0.210  99.00   44.50    6.36
10  3 21  1  200.0  99.0   0.240  99.00   42.70    6.37
10  3 21  1  210.0  99.0   0.280  99.00   39.70    6.54
10  3 21  1  220.0  99.0   0.300  99.00   41.60    6.76
10  3 21  1  230.0  99.0   0.260  99.00   43.90    7.46
10  3 21  1  240.0  99.0   0.250  99.00   43.70    7.51
10  3 21  1  250.0  99.0   0.260  99.00   39.70    7.80
10  3 21  1  260.0  99.0   0.260  99.00   34.80    7.74
10  3 21  1  270.0  99.0   0.250  99.00   34.10    7.18
10  3 21  1  280.0  99.0   0.350  99.00   29.70    7.18
10  3 21  1  290.0  99.0   0.400  99.00   30.10    7.31
10  3 21  1  300.0  99.0   0.360  99.00   30.10    8.65
10  3 21  1  310.0  99.0   0.470  99.00   31.20   10.46
10  3 21  1  320.0  99.0  99.000  99.00   30.90   10.31
10  3 21  1  330.0  99.0   0.500  99.00   28.60   10.68
10  3 21  1  340.0  99.0   0.460  99.00   32.60   10.57
10  3 21  1  350.0  99.0   0.550  99.00   29.90   10.64
10  3 21  1  400.0  99.0  99.000  99.00   36.00   12.30
10  3 21  1  450.0  99.0  99.000  99.00   99.00   99.00
10  3 21  1  500.0  99.0  99.000  99.00   99.00   99.00
10  3 21  1  550.0  99.0  99.000  99.00   99.00   99.00
10  3 21  1  600.0  99.0  99.000  99.00   99.00   99.00
10  3 21  2 9999.09999.0
10  3 21  2   10.0  99.0  99.000  99.00   99.00   99.00
10  3 21  2   40.0  25.9   0.110  99.00   61.40    2.01
10  3 21  2   50.0  27.3   0.110  99.00   57.30    2.44
10  3 21  2   60.0  20.1   0.100  99.00   53.20    2.91
10  3 21  2   70.0  13.4   0.120  99.00   54.80    3.32
10  3 21  2   80.0  10.7   0.130  99.00   55.60    3.66
10  3 21  2   90.0   9.3   0.150  99.00   55.20    3.95
10  3 21  2  100.0   8.5   0.140  99.00   51.50    4.36
10  3 21  2  110.0   8.0   0.140  99.00   46.40    4.66
10  3 21  2  120.0   7.6   0.160  99.00   43.20    4.92
10  3 21  2  130.0   7.4   0.190  99.00   44.00    5.36
10  3 21  2  140.0   7.2   0.190  99.00   45.70    5.83
10  3 21  2  150.0   7.0   0.220  99.00   46.10    6.36
10  3 21  2  160.0  99.0   0.250  99.00   43.50    6.73
10  3 21  2  170.0  99.0   0.240  99.00   42.40    7.22
10  3 21  2  180.0  99.0   0.260  99.00   42.60    8.17
10  3 21  2  190.0  99.0   0.240  99.00   46.40    9.29
10  3 21  2  200.0  99.0   0.270  99.00   44.80    8.87
10  3 21  2  210.0  99.0   0.300  99.00   48.50    8.94
10  3 21  2  220.0  99.0   0.340  99.00   46.80    8.39
10  3 21  2  230.0  99.0   0.300  99.00   47.60    8.86
10  3 21  2  240.0  99.0   0.320  99.00   46.00    9.10
10  3 21  2  250.0  99.0   0.310  99.00   44.40    9.20
10  3 21  2  260.0  99.0   0.270  99.00   42.50    9.06
10  3 21  2  270.0  99.0   0.300  99.00   39.50    8.51
10  3 21  2  280.0  99.0   0.370  99.00   35.10    8.13
10  3 21  2  290.0  99.0  99.000  99.00   33.50    8.26
10  3 21  2  300.0  99.0  99.000  99.00   99.00   99.00
10  3 21  2  310.0  99.0  99.000  99.00   99.00   99.00
10  3 21  2  320.0  99.0  99.000  99.00   99.00   99.00
10  3 21  2  330.0  99.0  99.000  99.00   99.00   99.00
10  3 21  2  340.0  99.0  99.000  99.00   99.00   99.00
10  3 21  2  350.0  99.0  99.000  99.00   99.00   99.00
10  3 21  2  400.0  99.0  99.000  99.00   99.00   99.00
10  3 21  2  450.0  99.0  99.000  99.00   99.00   99.00
10  3 21  2  500.0  99.0  99.000  99.00   99.00   99.00
10  3 21  2  550.0  99.0  99.000  99.00   99.00   99.00
10  3 21  2  600.0  99.0  99.000  99.00   99.00   99.00
10  3 21  3 9999.09999.0
10  3 21  3   10.0  99.0  99.000  99.00   99.00   99.00
10  3 21  3   40.0  11.9   0.200  99.00  266.70    6.08
10  3 21  3   50.0  11.6   0.210  99.00  262.00    6.79
10  3 21  3   60.0  11.4   0.220  99.00  261.70    8.73
10  3 21  3   70.0  11.2   0.250  99.00  263.60    8.50
10  3 21  3   80.0  11.0   0.290  99.00  264.30    8.33
10  3 21  3   90.0  10.9   0.310  99.00  263.50    8.34
10  3 21  3  100.0  10.8   0.320  99.00  262.80    8.83
10  3 21  3  110.0  10.8   0.330  99.00  261.30    9.40
10  3 21  3  120.0  10.7   0.350  99.00  259.80    8.91
10  3 21  3  130.0  10.7   0.370  99.00  258.50    8.47
10  3 21  3  140.0  99.0   0.380  99.00  258.00    7.91
10  3 21  3  150.0  99.0   0.390  99.00  258.80    6.49
10  3 21  3  160.0  99.0   0.380  99.00  258.30    8.02
10  3 21  3  170.0  99.0   0.400  99.00  257.40    8.59
10  3 21  3  180.0  99.0   0.450  99.00  256.90   10.76
10  3 21  3  190.0  99.0   0.460  99.00  255.80   10.24
10  3 21  3  200.0  99.0   0.560  99.00  255.20   10.31
10  3 21  3  210.0  99.0   0.570  99.00  254.30   10.05
10  3 21  3  220.0  99.0   0.620  99.00   99.00   99.00
10  3 21  3  230.0  99.0   0.610  99.00   99.00   99.00
10  3 21  3  240.0  99.0   0.640  99.00  254.30    9.66
10  3 21  3  250.0  99.0  99.000  99.00  255.30   10.78
10  3 21  3  260.0  99.0  99.000  99.00  257.60   10.44
10  3 21  3  270.0  99.0  99.000  99.00  258.10   11.36
10  3 21  3  280.0  99.0  99.000  99.00  257.90   10.41
10  3 21  3  290.0  99.0  99.000  99.00  260.90    8.37
10  3 21  3  300.0  99.0  99.000  99.00  260.70    6.37
10  3 21  3  310.0  99.0  99.000  99.00  261.40    6.21
10  3 21  3  320.0  99.0  99.000  99.00  260.50    7.00
10  3 21  3  330.0  99.0  99.000  99.00   99.00   99.00
10  3 21  3  340.0  99.0  99.000  99.00   99.00   99.00
10  3 21  3  350.0  99.0  99.000  99.00   99.00   99.00
10  3 21  3  400.0  99.0  99.000  99.00   99.00   99.00
10  3 21  3  450.0  99.0  99.000  99.00   99.00   99.00
10  3 21  3  500.0  99.0  99.000  99.00   99.00   99.00
10  3 21  3  550.0  99.0  99.000  99.00   99.00   99.00
10  3 21  3  600.0  99.0  99.000  99.00   99.00   99.00
10  3 21  4 9999.09999.0
10  3 21  4   10.0  99.0  99.000  99.00   99.00   99.00
10  3 21  4   40.0  23.7   0.310  99.00  254.10    2.31
10  3 21  4   50.0  24.3   0.340  99.00  260.10    3.01
10  3 21  4   60.0  23.1   0.370  99.00  254.70    4.07
10  3 21  4   70.0  20.8   0.390  99.00  257.20    3.67
10  3 21  4   80.0  18.2   0.430  99.00  259.90    3.32
10  3 21  4   90.0  15.6   0.470  99.00  259.60    3.04
10  3 21  4  100.0  99.0   0.510  99.00  259.50    3.30
10  3 21  4  110.0  99.0   0.570  99.00  258.00    3.77
10  3 21  4  120.0  99.0   0.630  99.00  259.50    4.41
10  3 21  4  130.0  99.0   0.680  99.00  259.30    4.61
10  3 21  4  140.0  99.0   0.780  99.00  261.30    4.41
10  3 21  4  150.0  99.0   0.890  99.00  263.20    4.94
10  3 21  4  160.0  99.0   0.880  99.00  259.90    7.85
10  3 21  4  170.0  99.0   0.920  99.00  258.60   10.85
10  3 21  4  180.0  99.0   0.890  99.00  257.30   12.31
10  3 21  4  190.0  99.0   0.930  99.00  258.40   12.95
10  3 21  4  200.0  99.0   1.100  99.00  259.10   12.14
10  3 21  4  210.0  99.0   1.110  99.00   99.00   99.00
10  3 21  4  220.0  99.0   1.160  99.00   99.00   99.00
10  3 21  4  230.0  99.0   1.190  99.00   99.00   99.00
10  3 21  4  240.0  99.0   1.150  99.00   99.00   99.00
10  3 21  4  250.0  99.0   1.120  99.00   99.00   99.00
10  3 21  4  260.0  99.0   1.210  99.00   99.00   99.00
10  3 21  4  270.0  99.0  99.000  99.00   99.00   99.00
10  3 21  4  280.0  99.0  99.000  99.00   99.00   99.00
10  3 21  4  290.0  99.0  99.000  99.00   99.00   99.00
10  3 21  4  300.0  99.0  99.000  99.00   99.00   99.00
10  3 21  4  310.0  99.0  99.000  99.00   99.00   99.00
10  3 21  4  320.0  99.0  99.000  99.00   99.00   99.00
10  3 21  4  330.0  99.0  99.000  99.00   99.00   99.00
10  3 21  4  340.0  99.0  99.000  99.00   99.00   99.00
10  3 21  4  350.0  99.0  99.000  99.00   99.00   99.00
10  3 21  4  400.0  99.0  99.000  99.00   99.00   99.00
10  3 21  4  450.0  99.0  99.000  99.00   99.00   99.00
10  3 21  4  500.0  99.0  99.000  99.00   99.00   99.00
10  3 21  4  550.0  99.0  99.000  99.00   99.00   99.00
10  3 21  4  600.0  99.0  99.000  99.00   99.00   99.00
10  3 21  5 9999.09999.0
10  3 21  5   10.0  99.0  99.000  99.00   99.00   99.00
10  3 21  5   40.0  30.0   0.220  99.00  319.40    1.17
10  3 21  5   50.0  31.3   0.230  99.00  281.70    1.56
10  3 21  5   60.0  32.1   0.250  99.00  280.00    2.18
10  3 21  5   70.0  29.3   0.290  99.00  281.60    2.30
10  3 21  5   80.0  99.0   0.330  99.00  288.30    1.89
10  3 21  5   90.0  99.0   0.350  99.00  296.80    1.36
10  3 21  5  100.0  99.0   0.400  99.00  311.40    1.09
10  3 21  5  110.0  99.0   0.420  99.00  339.30    0.86
10  3 21  5  120.0  99.0   0.470  99.00  299.00    1.36
10  3 21  5  130.0  99.0   0.500  99.00   99.00   99.00
10  3 21  5  140.0  99.0   0.550  99.00   99.00   99.00
10  3 21  5  150.0  99.0   0.590  99.00  259.30    9.03
10  3 21  5  160.0  99.0   0.610  99.00  258.90   10.52
10  3 21  5  170.0   2.5   0.560  99.00  259.20   10.23
10  3 21  5  180.0   2.3   0.550  99.00  259.30   10.83
10  3 21  5  190.0  99.0   0.570  99.00   99.00   99.00
10  3 21  5  200.0  99.0   0.560  99.00   99.00   99.00
10  3 21  5  210.0  99.0   0.590  99.00   99.00   99.00
10  3 21  5  220.0  99.0   0.630  99.00   99.00   99.00
10  3 21  5  230.0  99.0   0.670  99.00   99.00   99.00
10  3 21  5  240.0  99.0   0.640  99.00   99.00   99.00
10  3 21  5  250.0  99.0   0.690  99.00   99.00   99.00
10  3 21  5  260.0  99.0   0.750  99.00   99.00   99.00
10  3 21  5  270.0  99.0   0.760  99.00   99.00   99.00
10  3 21  5  280.0  99.0   0.780  99.00   99.00   99.00
10  3 21  5  290.0  99.0  99.000  99.00   99.00   99.00
10  3 21  5  300.0  99.0  99.000  99.00   99.00   99.00
10  3 21  5  310.0  99.0  99.000  99.00   99.00   99.00
10  3 21  5  320.0  99.0  99.000  99.00   99.00   99.00
10  3 21  5  330.0  99.0  99.000  99.00   99.00   99.00
10  3 21  5  340.0  99.0  99.000  99.00   99.00   99.00
10  3 21  5  350.0  99.0  99.000  99.00   99.00   99.00
10  3 21  5  400.0  99.0  99.000  99.00   99.00   99.00
10  3 21  5  450.0  99.0  99.000  99.00   99.00   99.00
10  3 21  5  500.0  99.0  99.000  99.00   99.00   99.00
10  3 21  5  550.0  99.0  99.000  99.00   99.00   99.00
10  3 21  5  600.0  99.0  99.000  99.00   99.00   99.00
10  3 21  6 9999.09999.0
10  3 21  6   10.0  99.0  99.000  99.00   99.00   99.00
10  3 21  6   40.0  19.8   0.120  99.00  305.50    2.17
10  3 21  6   50.0  24.4   0.130  99.00  293.30    1.94
10  3 21  6   60.0  27.5   0.130  99.00  280.80    2.71
10  3 21  6   70.0  99.0   0.160  99.00  286.40    2.32
10  3 21  6   80.0  99.0   0.210  99.00  286.80    2.08
10  3 21  6   90.0  99.0   0.270  99.00  280.00    1.87
10  3 21  6  100.0  99.0   0.300  99.00  292.20    1.03
10  3 21  6  110.0  99.0   0.400  99.00   56.30    2.23
10  3 21  6  120.0  99.0   0.470  99.00  324.10    0.78
10  3 21  6  130.0  99.0   0.470  99.00  266.00    2.75
10  3 21  6  140.0  99.0   0.520  99.00  268.80    1.89
10  3 21  6  150.0  99.0   0.460  99.00   99.00   99.00
10  3 21  6  160.0  99.0   0.510  99.00  256.90   13.78
10  3 21  6  170.0   5.1   0.500  99.00  257.80   12.23
10  3 21  6  180.0   4.5   0.540  99.00  259.50   11.39
10  3 21  6  190.0  99.0  99.000  99.00  260.10    9.63
10  3 21  6  200.0  99.0  99.000  99.00  260.30    8.93
10  3 21  6  210.0  99.0  99.000  99.00  259.40    9.12
10  3 21  6  220.0  99.0  99.000  99.00  257.60    9.51
10  3 21  6  230.0  99.0  99.000  99.00  257.60    9.56
10  3 21  6  240.0  99.0  99.000  99.00  256.10    9.13
10  3 21  6  250.0  99.0  99.000  99.00  256.30    9.81
10  3 21  6  260.0  99.0  99.000  99.00  258.60   10.24
10  3 21  6  270.0  99.0  99.000  99.00  258.50   10.38
10  3 21  6  280.0  99.0  99.000  99.00  258.90    9.25
10  3 21  6  290.0  99.0  99.000  99.00  258.30    8.58
10  3 21  6  300.0  99.0  99.000  99.00  258.60    8.23
10  3 21  6  310.0  99.0  99.000  99.00  259.50    8.13
10  3 21  6  320.0  99.0  99.000  99.00  260.40    9.16
10  3 21  6  330.0  99.0  99.000  99.00  261.00    9.86
10  3 21  6  340.0  99.0  99.000  99.00  259.40   11.26
10  3 21  6  350.0  99.0  99.000  99.00  258.60   11.46
10  3 21  6  400.0  99.0  99.000  99.00  255.10   13.82
10  3 21  6  450.0  99.0  99.000  99.00   99.00   99.00
10  3 21  6  500.0  99.0  99.000  99.00   99.00   99.00
10  3 21  6  550.0  99.0  99.000  99.00   99.00   99.00
10  3 21  6  600.0  99.0  99.000  99.00   99.00   99.00
10  3 21  7 9999.09999.0
10  3 21  7   10.0  99.0  99.000  99.00   99.00   99.00
10  3 21  7   40.0  30.8   0.230  99.00  350.10    0.43
10  3 21  7   50.0  30.8   0.220  99.00  291.80    0.11
10  3 21  7   60.0  30.8   0.220  99.00  260.50    2.32
10  3 21  7   70.0  99.0   0.260  99.00  274.80    0.64
10  3 21  7   80.0  99.0   0.320  99.00  299.80    0.47
10  3 21  7   90.0  99.0   0.340  99.00  304.90    0.41
10  3 21  7  100.0  99.0   0.380  99.00  319.50    0.34
10  3 21  7  110.0  99.0   0.400  99.00   42.30    0.18
10  3 21  7  120.0  99.0   0.440  99.00  252.40    0.34
10  3 21  7  130.0  99.0   0.450  99.00  243.10    1.17
10  3 21  7  140.0  99.0   0.470  99.00  248.50    2.07
10  3 21  7  150.0  99.0   0.470  99.00  247.00    1.29
10  3 21  7  160.0  99.0   0.500  99.00   92.30    0.49
10  3 21  7  170.0  99.0   0.470  99.00   79.40    1.88
10  3 21  7  180.0  99.0  99.000  99.00   99.00   99.00
10  3 21  7  190.0  99.0  99.000  99.00   99.00   99.00
10  3 21  7  200.0  99.0  99.000  99.00   99.00   99.00
10  3 21  7  210.0  99.0  99.000  99.00   99.00   99.00
10  3 21  7  220.0  99.0  99.000  99.00   99.00   99.00
10  3 21  7  230.0  99.0  99.000  99.00   99.00   99.00
10  3 21  7  240.0  99.0  99.000  99.00   99.00   99.00
10  3 21  7  250.0  99.0  99.000  99.00   99.00   99.00
10  3 21  7  260.0  99.0  99.000  99.00   99.00   99.00
10  3 21  7  270.0  99.0  99.000  99.00   99.00   99.00
10  3 21  7  280.0  99.0  99.000  99.00   99.00   99.00
10  3 21  7  290.0  99.0  99.000  99.00   99.00   99.00
10  3 21  7  300.0  99.0  99.000  99.00   99.00   99.00
10  3 21  7  310.0  99.0  99.000  99.00   99.00   99.00
10  3 21  7  320.0  99.0  99.000  99.00   99.00   99.00
10  3 21  7  330.0  99.0  99.000  99.00   99.00   99.00
10  3 21  7  340.0  99.0  99.000  99.00   99.00   99.00
10  3 21  7  350.0  99.0  99.000  99.00   99.00   99.00
10  3 21  7  400.0  99.0  99.000  99.00   99.00   99.00
10  3 21  7  450.0  99.0  99.000  99.00   99.00   99.00
10  3 21  7  500.0  99.0  99.000  99.00   99.00   99.00
10  3 21  7  550.0  99.0  99.000  99.00   99.00   99.00
10  3 21  7  600.0  99.0  99.000  99.00   99.00   99.00
10  3 21  8 9999.09999.0
10  3 21  8   10.0  99.0  99.000  99.00   99.00   99.00
10  3 21  8   40.0  11.2   0.300  99.00  267.40    2.74
10  3 21  8   50.0  10.9   0.320  99.00  261.90    4.47
10  3 21  8   60.0  10.4   0.300  99.00  262.50    3.42
10  3 21  8   70.0   9.9   0.310  99.00  260.90    4.53
10  3 21  8   80.0   9.3   0.350  99.00  255.80    4.29
10  3 21  8   90.0   8.6   0.390  99.00  253.70    5.96
10  3 21  8  100.0   7.9   0.450  99.00  251.70    6.19
10  3 21  8  110.0   7.2   0.470  99.00   99.00   99.00
10  3 21  8  120.0  99.0  99.000  99.00   99.00   99.00
10  3 21  8  130.0  99.0  99.000  99.00  256.10    7.79
10  3 21  8  140.0  99.0  99.000  99.00  256.30    6.37
10  3 21  8  150.0  99.0  99.000  99.00  256.20    6.95
10  3 21  8  160.0  99.0  99.000  99.00  256.90    7.08
10  3 21  8  170.0  99.0  99.000  99.00   99.00   99.00
10  3 21  8  180.0  99.0  99.000  99.00   99.00   99.00
10  3 21  8  190.0  99.0  99.000  99.00   99.00   99.00
10  3 21  8  200.0  99.0  99.000  99.00   99.00   99.00
10  3 21  8  210.0  99.0  99.000  99.00   99.00   99.00
10  3 21  8  220.0  99.0  99.000  99.00   99.00   99.00
10  3 21  8  230.0  99.0  99.000  99.00   99.00   99.00
10  3 21  8  240.0  99.0  99.000  99.00   99.00   99.00
10  3 21  8  250.0  99.0  99.000  99.00   99.00   99.00
10  3 21  8  260.0  99.0  99.000  99.00   99.00   99.00
10  3 21  8  270.0  99.0  99.000  99.00   99.00   99.00
10  3 21  8  280.0  99.0  99.000  99.00   99.00   99.00
10  3 21  8  290.0  99.0  99.000  99.00   99.00   99.00
10  3 21  8  300.0  99.0  99.000  99.00   99.00   99.00
10  3 21  8  310.0  99.0  99.000  99.00   99.00   99.00
10  3 21  8  320.0  99.0  99.000  99.00   99.00   99.00
10  3 21  8  330.0  99.0  99.000  99.00   99.00   99.00
10  3 21  8  340.0  99.0  99.000  99.00   99.00   99.00
10  3 21  8  350.0  99.0  99.000  99.00   99.00   99.00
10  3 21  8  400.0  99.0  99.000  99.00   99.00   99.00
10  3 21  8  450.0  99.0  99.000  99.00   99.00   99.00
10  3 21  8  500.0  99.0  99.000  99.00   99.00   99.00
10  3 21  8  550.0  99.0  99.000  99.00   99.00   99.00
10  3 21  8  600.0  99.0  99.000  99.00   99.00   99.00
10  3 21  9 9999.09999.0
10  3 21  9   10.0  99.0  99.000  99.00   99.00   99.00
10  3 21  9   40.0  15.8   0.360  99.00  225.70    3.50
10  3 21  9   50.0  15.8   0.380  99.00  219.30    3.70
10  3 21  9   60.0  16.1   0.400  99.00  222.50    3.66
10  3 21  9   70.0  99.0   0.450  99.00  223.10    3.60
10  3 21  9   80.0  99.0   0.510  99.00  223.80    3.63
10  3 21  9   90.0  99.0   0.540  99.00  224.60    3.74
10  3 21  9  100.0  99.0   0.590  99.00  223.80    3.66
10  3 21  9  110.0  99.0   0.630  99.00  224.80    4.00
10  3 21  9  120.0  99.0   0.680  99.00  224.70    4.53
10  3 21  9  130.0  99.0   0.690  99.00  224.30    4.76
10  3 21  9  140.0  99.0   0.680  99.00  224.10    4.63
10  3 21  9  150.0  99.0   0.680  99.00  223.30    4.00
10  3 21  9  160.0  99.0   0.630  99.00  225.10    4.07
10  3 21  9  170.0  99.0   0.650  99.00  226.80    4.37
10  3 21  9  180.0  99.0   0.660  99.00  230.00    5.24
10  3 21  9  190.0  99.0   0.700  99.00  232.90    5.58
10  3 21  9  200.0  99.0   0.820  99.00  228.50    5.15
10  3 21  9  210.0  99.0   0.880  99.00  231.20    5.71
10  3 21  9  220.0  99.0   0.990  99.00   99.00   99.00
10  3 21  9  230.0  99.0   1.000  99.00   99.00   99.00
10  3 21  9  240.0  99.0  99.000  99.00   99.00   99.00
10  3 21  9  250.0  99.0  99.000  99.00   99.00   99.00
10  3 21  9  260.0  99.0  99.000  99.00   99.00   99.00
10  3 21  9  270.0  99.0  99.000  99.00   99.00   99.00
10  3 21  9  280.0  99.0  99.000  99.00   99.00   99.00
10  3 21  9  290.0  99.0  99.000  99.00   99.00   99.00
10  3 21  9  300.0  99.0  99.000  99.00   99.00   99.00
10  3 21  9  310.0  99.0  99.000  99.00   99.00   99.00
10  3 21  9  320.0  99.0  99.000  99.00   99.00   99.00
10  3 21  9  330.0  99.0  99.000  99.00   99.00   99.00
10  3 21  9  340.0  99.0  99.000  99.00   99.00   99.00
10  3 21  9  350.0  99.0  99.000  99.00   99.00   99.00
10  3 21  9  400.0  99.0  99.000  99.00   99.00   99.00
10  3 21  9  450.0  99.0  99.000  99.00   99.00   99.00
10  3 21  9  500.0  99.0  99.000  99.00   99.00   99.00
10  3 21  9  550.0  99.0  99.000  99.00   99.00   99.00
10  3 21  9  600.0  99.0  99.000  99.00   99.00   99.00
10  3 21 10 9999.09999.0
10  3 21 10   10.0  99.0  99.000  99.00   99.00   99.00
10  3 21 10   40.0   7.0   0.480  99.00  224.00    4.00
10  3 21 10   50.0   6.0   0.520  99.00  227.50    4.73
10  3 21 10   60.0   5.2   0.570  99.00  229.20    4.56
10  3 21 10   70.0   5.3   0.630  99.00  230.90    4.67
10  3 21 10   80.0   5.5   0.680  99.00  231.10    4.66
10  3 21 10   90.0   5.6   0.690  99.00  232.40    4.76
10  3 21 10  100.0  99.0   0.710  99.00  233.20    4.69
10  3 21 10  110.0  99.0   0.760  99.00  232.40    4.83
10  3 21 10  120.0  99.0   0.740  99.00  231.80    4.69
10  3 21 10  130.0  99.0   0.810  99.00  230.60    4.85
10  3 21 10  140.0  99.0   0.810  99.00  236.70    6.08
10  3 21 10  150.0  99.0   0.790  99.00  236.60    6.77
10  3 21 10  160.0  99.0   0.830  99.00  237.50    7.10
10  3 21 10  170.0  99.0   0.830  99.00  235.20    6.26
10  3 21 10  180.0  99.0   0.820  99.00  235.40    6.09
10  3 21 10  190.0  99.0   0.860  99.00  234.40    6.42
10  3 21 10  200.0  99.0   0.900  99.00  234.10    7.43
10  3 21 10  210.0  99.0   0.920  99.00  233.60    8.21
10  3 21 10  220.0  99.0   0.940  99.00  236.40    9.63
10  3 21 10  230.0  99.0   0.950  99.00  236.20    9.68
10  3 21 10  240.0  99.0   0.890  99.00  231.90    9.52
10  3 21 10  250.0  99.0   0.920  99.00  232.00   10.32
10  3 21 10  260.0  99.0   0.920  99.00   99.00   99.00
10  3 21 10  270.0  99.0   0.920  99.00   99.00   99.00
10  3 21 10  280.0  99.0   0.920  99.00   99.00   99.00
10  3 21 10  290.0  99.0   1.000  99.00   99.00   99.00
10  3 21 10  300.0  99.0   0.960  99.00   99.00   99.00
10  3 21 10  310.0  99.0   1.090  99.00   99.00   99.00
10  3 21 10  320.0  99.0   1.120  99.00   99.00   99.00
10  3 21 10  330.0  99.0   1.210  99.00   99.00   99.00
10  3 21 10  340.0  99.0  99.000  99.00   99.00   99.00
10  3 21 10  350.0  99.0  99.000  99.00   99.00   99.00
10  3 21 10  400.0  99.0  99.000  99.00   99.00   99.00
10  3 21 10  450.0  99.0  99.000  99.00   99.00   99.00
10  3 21 10  500.0  99.0  99.000  99.00   99.00   99.00
10  3 21 10  550.0  99.0  99.000  99.00   99.00   99.00
10  3 21 10  600.0  99.0  99.000  99.00   99.00   99.00
10  3 21 11 9999.09999.0
10  3 21 11   10.0  99.0  99.000  99.00   99.00   99.00
10  3 21 11   40.0  11.6   0.440  99.00  218.90    6.25
10  3 21 11   50.0  10.8   0.430  99.00  219.60    6.24
10  3 21 11   60.0  10.3   0.440  99.00  222.60    6.51
10  3 21 11   70.0  10.0   0.490  99.00  222.50    6.51
10  3 21 11   80.0   9.9   0.540  99.00  220.40    6.57
10  3 21 11   90.0   9.9   0.610  99.00  218.60    6.56
10  3 21 11  100.0   9.8   0.690  99.00  220.60    6.66
10  3 21 11  110.0   9.7   0.770  99.00  223.10    6.68
10  3 21 11  120.0   9.4   0.850  99.00  227.70    7.39
10  3 21 11  130.0   9.0   0.840  99.00  228.20    7.07
10  3 21 11  140.0   8.4   0.800  99.00  232.00    7.46
10  3 21 11  150.0  99.0   0.780  99.00  227.00    6.54
10  3 21 11  160.0  99.0   0.800  99.00  226.50    6.44
10  3 21 11  170.0  99.0   0.780  99.00  225.10    6.28
10  3 21 11  180.0  99.0   0.830  99.00  226.30    5.94
10  3 21 11  190.0  99.0   0.910  99.00  227.70    6.59
10  3 21 11  200.0  99.0   0.990  99.00  229.60    7.27
10  3 21 11  210.0  99.0   1.000  99.00  235.00    8.50
10  3 21 11  220.0  99.0   1.070  99.00  236.70    9.23
10  3 21 11  230.0  99.0   1.140  99.00   99.00   99.00
10  3 21 11  240.0  99.0   1.070  99.00   99.00   99.00
10  3 21 11  250.0  99.0   1.030  99.00   99.00   99.00
10  3 21 11  260.0  99.0   1.090  99.00   99.00   99.00
10  3 21 11  270.0  99.0   1.040  99.00   99.00   99.00
10  3 21 11  280.0  99.0   1.060  99.00   99.00   99.00
10  3 21 11  290.0  99.0   1.000  99.00   99.00   99.00
10  3 21 11  300.0  99.0   1.030  99.00   99.00   99.00
10  3 21 11  310.0  99.0   1.120  99.00   99.00   99.00
10  3 21 11  320.0  99.0  99.000  99.00   99.00   99.00
10  3 21 11  330.0  99.0  99.000  99.00   99.00   99.00
10  3 21 11  340.0  99.0  99.000  99.00   99.00   99.00
10  3 21 11  350.0  99.0  99.000  99.00   99.00   99.00
10  3 21 11  400.0  99.0  99.000  99.00   99.00   99.00
10  3 21 11  450.0  99.0  99.000  99.00   99.00   99.00
10  3 21 11  500.0  99.0  99.000  99.00   99.00   99.00
10  3 21 11  550.0  99.0  99.000  99.00   99.00   99.00
10  3 21 11  600.0  99.0  99.000  99.00   99.00   99.00
10  3 21 12 9999.09999.0
10  3 21 12   10.0  99.0  99.000  99.00   99.00   99.00
10  3 21 12   40.0   4.2   0.490  99.00  213.50    6.60
10  3 21 12   50.0   3.5   0.510  99.00  220.10    6.51
10  3 21 12   60.0   3.8   0.560  99.00  219.70    5.91
10  3 21 12   70.0   4.0   0.610  99.00  219.60    6.39
10  3 21 12   80.0   4.3   0.700  99.00  220.30    6.97
10  3 21 12   90.0   4.5   0.800  99.00  222.80    7.40
10  3 21 12  100.0   4.8   0.880  99.00  223.30    7.51
10  3 21 12  110.0   5.0   0.900  99.00  224.00    7.61
10  3 21 12  120.0   5.1   0.890  99.00  224.90    7.28
10  3 21 12  130.0   5.4   0.880  99.00  229.20    7.98
10  3 21 12  140.0  99.0   0.880  99.00  229.60    7.21
10  3 21 12  150.0  99.0   0.910  99.00  230.80    7.05
10  3 21 12  160.0  99.0   0.930  99.00  230.40    6.52
10  3 21 12  170.0  99.0   0.920  99.00  231.70    7.06
10  3 21 12  180.0   5.7   0.960  99.00  233.00    7.48
10  3 21 12  190.0   5.4   0.930  99.00  233.70    8.05
10  3 21 12  200.0  99.0   0.880  99.00  235.30    8.75
10  3 21 12  210.0  99.0   0.870  99.00  236.50    9.70
10  3 21 12  220.0  99.0   0.840  99.00  234.00    8.35
10  3 21 12  230.0  99.0   0.890  99.00  231.00    6.39
10  3 21 12  240.0  99.0   0.900  99.00  228.30    5.47
10  3 21 12  250.0  99.0   0.960  99.00  231.40    5.50
10  3 21 12  260.0  99.0   1.040  99.00  233.20    6.15
10  3 21 12  270.0  99.0   1.040  99.00  235.70    6.79
10  3 21 12  280.0  99.0   1.110  99.00  235.40    7.75
10  3 21 12  290.0  99.0   1.210  99.00  239.00    9.55
10  3 21 12  300.0  99.0   1.200  99.00  239.20    8.05
10  3 21 12  310.0  99.0   1.230  99.00  241.80    8.77
10  3 21 12  320.0  99.0   1.250  99.00  248.00    8.47
10  3 21 12  330.0  99.0   1.320  99.00  247.30    8.57
10  3 21 12  340.0  99.0   1.290  99.00  245.10    9.36
10  3 21 12  350.0  99.0  99.000  99.00  241.40   10.63
10  3 21 12  400.0  99.0  99.000  99.00   99.00   99.00
10  3 21 12  450.0  99.0  99.000  99.00   99.00   99.00
10  3 21 12  500.0  99.0  99.000  99.00   99.00   99.00
10  3 21 12  550.0  99.0  99.000  99.00   99.00   99.00
10  3 21 12  600.0  99.0  99.000  99.00   99.00   99.00
10  3 21 13 9999.09999.0
10  3 21 13   10.0  99.0  99.000  99.00   99.00   99.00
10  3 21 13   40.0   4.2   0.590  99.00  214.00    7.54
10  3 21 13   50.0   3.7   0.600  99.00  219.70    7.44
10  3 21 13   60.0   3.4   0.630  99.00  210.90    8.62
10  3 21 13   70.0   3.4   0.660  99.00  213.00    8.05
10  3 21 13   80.0   3.6   0.700  99.00  214.00    7.77
10  3 21 13   90.0   3.8   0.770  99.00  215.00    7.66
10  3 21 13  100.0   4.0   0.770  99.00  215.90    7.54
10  3 21 13  110.0   4.1   0.810  99.00  215.80    7.06
10  3 21 13  120.0   4.3   0.790  99.00  213.80    6.77
10  3 21 13  130.0   4.5   0.830  99.00  214.70    6.85
10  3 21 13  140.0   4.8   0.890  99.00  217.50    7.31
10  3 21 13  150.0   5.2   0.930  99.00  218.10    7.80
10  3 21 13  160.0   5.8   1.000  99.00  216.90    7.64
10  3 21 13  170.0   6.5   1.000  99.00  217.40    7.65
10  3 21 13  180.0   7.1   1.020  99.00  220.30    7.42
10  3 21 13  190.0   7.7   1.040  99.00  224.40    7.39
10  3 21 13  200.0  99.0   1.050  99.00  220.10    6.66
10  3 21 13  210.0  99.0   1.000  99.00  219.70    7.54
10  3 21 13  220.0  99.0   0.940  99.00  214.20    8.44
10  3 21 13  230.0  99.0   0.940  99.00  218.20    8.30
10  3 21 13  240.0  99.0   0.860  99.00  221.10    8.16
10  3 21 13  250.0  99.0   0.880  99.00  225.70    8.12
10  3 21 13  260.0  99.0   0.870  99.00  224.60    9.06
10  3 21 13  270.0  99.0   0.840  99.00  223.40    9.89
10  3 21 13  280.0  99.0   0.870  99.00  222.90   10.82
10  3 21 13  290.0  99.0   0.820  99.00  220.90   11.05
10  3 21 13  300.0  99.0   0.830  99.00  216.20   11.38
10  3 21 13  310.0  99.0   0.830  99.00  209.30   11.50
10  3 21 13  320.0  99.0   0.770  99.00  212.40   11.14
10  3 21 13  330.0  99.0   0.980  99.00  213.70   11.14
10  3 21 13  340.0  99.0  99.000  99.00   99.00   99.00
10  3 21 13  350.0  99.0  99.000  99.00   99.00   99.00
10  3 21 13  400.0  99.0  99.000  99.00   99.00   99.00
10  3 21 13  450.0  99.0  99.000  99.00   99.00   99.00
10  3 21 13  500.0  99.0  99.000  99.00   99.00   99.00
10  3 21 13  550.0  99.0  99.000  99.00   99.00   99.00
10  3 21 13  600.0  99.0  99.000  99.00   99.00   99.00
10  3 21 14 9999.09999.0
10  3 21 14   10.0  99.0  99.000  99.00   99.00   99.00
10  3 21 14   40.0   6.8   0.510  99.00  225.00    7.35
10  3 21 14   50.0   6.5   0.470  99.00  225.40    7.37
10  3 21 14   60.0   6.3   0.530  99.00  224.40    7.83
10  3 21 14   70.0   6.3   0.560  99.00  221.10    7.74
10  3 21 14   80.0   6.3   0.560  99.00  219.20    7.57
10  3 21 14   90.0   6.4   0.570  99.00  219.60    7.51
10  3 21 14  100.0   6.5   0.520  99.00  220.30    7.18
10  3 21 14  110.0   6.7   0.520  99.00  221.50    7.09
10  3 21 14  120.0   6.9   0.510  99.00  222.80    6.89
10  3 21 14  130.0   7.1   0.530  99.00  226.00    7.48
10  3 21 14  140.0   7.3   0.550  99.00  228.90    7.82
10  3 21 14  150.0   7.6   0.570  99.00  228.50    7.70
10  3 21 14  160.0   7.9   0.610  99.00  227.60    7.40
10  3 21 14  170.0   8.2   0.660  99.00  226.20    7.52
10  3 21 14  180.0   8.5   0.720  99.00  229.10    8.79
10  3 21 14  190.0   8.8   0.730  99.00  230.40    9.62
10  3 21 14  200.0   9.2   0.770  99.00  232.40   10.37
10  3 21 14  210.0   9.6   0.780  99.00  233.20   10.41
10  3 21 14  220.0  10.1   0.830  99.00  232.80    9.47
10  3 21 14  230.0  10.5   0.800  99.00  224.10    7.25
10  3 21 14  240.0  99.0   0.870  99.00  223.30    7.32
10  3 21 14  250.0  99.0   0.800  99.00  221.00    7.68
10  3 21 14  260.0  99.0   0.760  99.00  220.90    8.26
10  3 21 14  270.0  99.0  99.000  99.00  218.30    8.11
10  3 21 14  280.0  99.0  99.000  99.00  218.70    8.08
10  3 21 14  290.0  99.0  99.000  99.00  219.70    9.14
10  3 21 14  300.0  99.0  99.000  99.00  222.40   10.08
10  3 21 14  310.0  99.0  99.000  99.00  223.40   11.57
10  3 21 14  320.0  99.0  99.000  99.00  220.10   11.74
10  3 21 14  330.0  99.0  99.000  99.00  221.90   11.85
10  3 21 14  340.0  99.0  99.000  99.00  222.20   11.04
10  3 21 14  350.0  99.0  99.000  99.00  222.50   11.48
10  3 21 14  400.0  99.0  99.000  99.00   99.00   99.00
10  3 21 14  450.0  99.0  99.000  99.00   99.00   99.00
10  3 21 14  500.0  99.0  99.000  99.00   99.00   99.00
10  3 21 14  550.0  99.0  99.000  99.00   99.00   99.00
10  3 21 14  600.0  99.0  99.000  99.00   99.00   99.00
10  3 21 15 9999.09999.0
10  3 21 15   10.0  99.0  99.000  99.00   99.00   99.00
10  3 21 15   40.0   3.9   0.580  99.00  217.70    7.62
10  3 21 15   50.0   4.2   0.610  99.00  214.10    7.76
10  3 21 15   60.0   4.4   0.650  99.00  219.20    7.11
10  3 21 15   70.0   4.6   0.780  99.00  217.40    7.54
10  3 21 15   80.0   4.8   0.870  99.00  216.30    7.66
10  3 21 15   90.0   4.9   1.000  99.00  216.90    7.68
10  3 21 15  100.0   5.0   1.040  99.00  218.30    7.70
10  3 21 15  110.0   5.1   1.100  99.00  218.40    7.86
10  3 21 15  120.0   5.2   1.110  99.00  218.90    8.26
10  3 21 15  130.0   5.3   1.110  99.00  221.60    8.66
10  3 21 15  140.0   5.3   1.080  99.00  223.90    8.96
10  3 21 15  150.0   5.4   1.070  99.00  224.80    8.97
10  3 21 15  160.0   5.4   1.050  99.00  222.20    8.66
10  3 21 15  170.0   5.6   1.000  99.00  221.90    8.15
10  3 21 15  180.0   5.9   0.990  99.00  222.90    7.40
10  3 21 15  190.0   6.0   1.010  99.00  225.70    6.89
10  3 21 15  200.0  99.0   0.990  99.00  228.10    7.14
10  3 21 15  210.0  99.0   1.040  99.00  232.10    8.74
10  3 21 15  220.0  99.0   1.010  99.00  232.70   10.01
10  3 21 15  230.0  99.0   1.120  99.00  233.40   10.51
10  3 21 15  240.0  99.0   1.270  99.00  236.50   12.10
10  3 21 15  250.0  99.0   1.280  99.00   99.00   99.00
10  3 21 15  260.0  99.0   1.320  99.00   99.00   99.00
10  3 21 15  270.0  99.0   1.370  99.00   99.00   99.00
10  3 21 15  280.0  99.0   1.210  99.00   99.00   99.00
10  3 21 15  290.0  99.0   1.130  99.00  224.90    9.58
10  3 21 15  300.0  99.0  99.000  99.00  224.40    8.65
10  3 21 15  310.0  99.0  99.000  99.00   99.00   99.00
10  3 21 15  320.0  99.0  99.000  99.00   99.00   99.00
10  3 21 15  330.0  99.0  99.000  99.00   99.00   99.00
10  3 21 15  340.0  99.0  99.000  99.00   99.00   99.00
10  3 21 15  350.0  99.0  99.000  99.00   99.00   99.00
10  3 21 15  400.0  99.0  99.000  99.00   99.00   99.00
10  3 21 15  450.0  99.0  99.000  99.00   99.00   99.00
10  3 21 15  500.0  99.0  99.000  99.00   99.00   99.00
10  3 21 15  550.0  99.0  99.000  99.00   99.00   99.00
10  3 21 15  600.0  99.0  99.000  99.00   99.00   99.00
10  3 21 16 9999.0   5.6
10  3 21 16   40.0   6.0   0.550  99.00  215.60    7.83
10  3 21 16   50.0   5.6   0.530  99.00  222.00    8.65
10  3 21 16   60.0   5.4   0.530  99.00  216.80    7.45
10  3 21 16   70.0   5.3   0.560  99.00  221.60    8.35
10  3 21 16   80.0   5.3   0.560  99.00  222.30    8.65
10  3 21 16   90.0   5.4   0.570  99.00  222.80    8.62
10  3 21 16  100.0   5.6   0.610  99.00  222.80    8.76
10  3 21 16  110.0   5.8   0.640  99.00  223.40    8.86
10  3 21 16  120.0   6.0   0.630  99.00  223.30    9.21
10  3 21 16  130.0   6.2   0.640  99.00  222.40    9.47
10  3 21 16  140.0   6.3   0.680  99.00  223.70    9.77
10  3 21 16  150.0   6.5   0.660  99.00  212.00   10.39
10  3 21 16  160.0   6.5   0.650  99.00  202.20   10.33
10  3 21 16  170.0   6.6   0.740  99.00  203.70   10.23
10  3 21 16  180.0   6.6   0.830  99.00  208.00   11.01
10  3 21 16  190.0  99.0   0.850  99.00   99.00   99.00
10  3 21 16  200.0  99.0  99.000  99.00   99.00   99.00
10  3 21 16  210.0  99.0  99.000  99.00   99.00   99.00
10  3 21 16  220.0  99.0  99.000  99.00   99.00   99.00
10  3 21 16  230.0  99.0  99.000  99.00   99.00   99.00
10  3 21 16  240.0  99.0  99.000  99.00   99.00   99.00
10  3 21 16  250.0  99.0  99.000  99.00   99.00   99.00
10  3 21 16  260.0  99.0  99.000  99.00   99.00   99.00
10  3 21 16  270.0  99.0  99.000  99.00   99.00   99.00
10  3 21 16  280.0  99.0  99.000  99.00   99.00   99.00
10  3 21 16  290.0  99.0  99.000  99.00   99.00   99.00
10  3 21 16  300.0  99.0  99.000  99.00   99.00   99.00
10  3 21 16  310.0  99.0  99.000  99.00   99.00   99.00
10  3 21 16  320.0  99.0  99.000  99.00   99.00   99.00
10  3 21 16  330.0  99.0  99.000  99.00   99.00   99.00
10  3 21 16  340.0  99.0  99.000  99.00   99.00   99.00
10  3 21 16  350.0  99.0  99.000  99.00   99.00   99.00
10  3 21 16  400.0  99.0  99.000  99.00   99.00   99.00
10  3 21 16  450.0  99.0  99.000  99.00   99.00   99.00
10  3 21 16  500.0  99.0  99.000  99.00   99.00   99.00
10  3 21 16  550.0  99.0  99.000  99.00   99.00   99.00
10  3 21 16  600.0  99.0  99.000  99.00   99.00   99.00
10  3 21 17 9999.09999.0
10  3 21 17   40.0   7.4   0.460  99.00  212.30    5.12
10  3 21 17   50.0   6.9   0.460  99.00  217.00    5.93
10  3 21 17   60.0   6.7   0.420  99.00  218.90    5.56
10  3 21 17   70.0   6.8   0.420  99.00  221.80    5.95
10  3 21 17   80.0   6.9   0.460  99.00  221.80    6.30
10  3 21 17   90.0   7.2   0.430  99.00  219.20    6.25
10  3 21 17  100.0   7.4   0.440  99.00  218.70    6.22
10  3 21 17  110.0   7.6   0.450  99.00  217.70    5.87
10  3 21 17  120.0   7.7   0.430  99.00  222.30    6.42
10  3 21 17  130.0  99.0   0.450  99.00  225.80    6.80
10  3 21 17  140.0  99.0   0.500  99.00  226.00    6.83
10  3 21 17  150.0  99.0   0.620  99.00  228.80    6.62
10  3 21 17  160.0  99.0   0.620  99.00  234.00    8.87
10  3 21 17  170.0  99.0  99.000  99.00  240.10   12.22
10  3 21 17  180.0  99.0  99.000  99.00  238.00   12.93
10  3 21 17  190.0  99.0  99.000  99.00  234.10   12.52
10  3 21 17  200.0  99.0  99.000  99.00   99.00   99.00
10  3 21 17  210.0  99.0  99.000  99.00   99.00   99.00
10  3 21 17  220.0  99.0  99.000  99.00   99.00   99.00
10  3 21 17  230.0  99.0  99.000  99.00   99.00   99.00
10  3 21 17  240.0  99.0  99.000  99.00   99.00   99.00
10  3 21 17  250.0  99.0  99.000  99.00   99.00   99.00
10  3 21 17  260.0  99.0  99.000  99.00   99.00   99.00
10  3 21 17  270.0  99.0  99.000  99.00   99.00   99.00
10  3 21 17  280.0  99.0  99.000  99.00   99.00   99.00
10  3 21 17  290.0  99.0  99.000  99.00   99.00   99.00
10  3 21 17  300.0  99.0  99.000  99.00   99.00   99.00
10  3 21 17  310.0  99.0  99.000  99.00   99.00   99.00
10  3 21 17  320.0  99.0  99.000  99.00   99.00   99.00
10  3 21 17  330.0  99.0  99.000  99.00   99.00   99.00
10  3 21 17  340.0  99.0  99.000  99.00   99.00   99.00
10  3 21 17  350.0  99.0  99.000  99.00   99.00   99.00
10  3 21 17  400.0  99.0  99.000  99.00   99.00   99.00
10  3 21 17  450.0  99.0  99.000  99.00   99.00   99.00
10  3 21 17  500.0  99.0  99.000  99.00   99.00   99.00
10  3 21 17  550.0  99.0  99.000  99.00   99.00   99.00
10  3 21 17  600.0  99.0  99.000  99.00   99.00   99.00
